7900.79 3.04103e-10
7902.220143 3.07106e-10
7903.650286 3.10111e-10
7905.080429 3.13118e-10
7906.510572 3.16125e-10
7907.940715 3.19133e-10
7909.370858 3.22142e-10
7910.801001 3.25152e-10
7912.231144 3.28164e-10
7913.661287 3.31176e-10
7915.09143 3.3419e-10
7916.521573 3.37204e-10
7917.951716 3.4022e-10
7919.381859 3.43237e-10
7920.812002 3.46254e-10
7922.242145 3.49273e-10
7923.672288 3.52293e-10
7925.102431 3.55314e-10
7926.532574 3.58336e-10
7927.962717 3.61359e-10
7929.39286 3.64384e-10
7930.823003 3.67703e-10
7932.253146 3.71168e-10
7933.683289 3.74634e-10
7935.113432 3.78102e-10
7936.543575 3.8157e-10
7937.973718 3.8504e-10
7939.403861 3.88511e-10
7940.834004 3.91983e-10
7942.264147 3.95457e-10
7943.69429 3.98931e-10
7945.124433 4.02407e-10
7946.554576 4.05884e-10
7947.984719 4.09363e-10
7949.414862 4.12842e-10
7950.845005 4.16323e-10
7952.275148 4.19805e-10
7953.705291 4.23288e-10
7955.135434 4.26773e-10
7956.565577 4.30259e-10
7957.99572 4.33745e-10
7959.425863 4.37234e-10
7960.856006 4.40723e-10
7962.286149 4.44214e-10
7963.716292 4.47705e-10
7965.146435 4.51199e-10
7966.576578 4.54693e-10
7968.006721 4.58188e-10
7969.436864 4.61685e-10
7970.867007 4.65183e-10
7972.29715 4.68682e-10
7973.727293 4.72183e-10
7975.157436 4.75684e-10
7976.587579 4.79187e-10
7978.017722 4.82691e-10
7979.447865 4.86197e-10
7980.878008 4.89703e-10
7982.308151 4.93211e-10
7983.738294 4.9672e-10
7985.168437 5.0023e-10
7986.59858 5.03742e-10
7988.028723 5.07254e-10
7989.458866 5.10768e-10
7990.889009 5.14283e-10
7992.319152 5.178e-10
7993.749295 5.21317e-10
7995.179438 5.24836e-10
7996.609581 5.28356e-10
7998.039724 5.31877e-10
7999.469867 5.354e-10
8000.90001 5.38923e-10
8002.330153 5.42448e-10
8003.760296 5.45975e-10
8005.190439 5.49502e-10
8006.620582 5.53031e-10
8008.050725 5.5656e-10
8009.480868 5.60091e-10
8010.911011 5.63624e-10
8012.341154 5.62811e-10
8013.771297 5.60939e-10
8015.20144 5.59067e-10
8016.631583 5.57194e-10
8018.061726 5.55321e-10
8019.491869 5.53447e-10
8020.922012 5.51572e-10
8022.352155 5.49696e-10
8023.782298 5.4782e-10
8025.212441 5.45942e-10
8026.642584 5.44065e-10
8028.072727 5.42186e-10
8029.50287 5.40307e-10
8030.933013 5.38427e-10
8032.363156 5.36546e-10
8033.793299 5.34665e-10
8035.223442 5.32783e-10
8036.653585 5.309e-10
8038.083728 5.29017e-10
8039.513871 5.27133e-10
8040.944014 5.25248e-10
8042.374157 5.23362e-10
8043.8043 5.21476e-10
8045.234443 5.19589e-10
8046.664586 5.17701e-10
8048.094729 5.15813e-10
8049.524872 5.13924e-10
8050.955015 5.12034e-10
8052.385158 5.10144e-10
8053.815301 5.08253e-10
8055.245444 5.06361e-10
8056.675587 5.04468e-10
8058.10573 5.02575e-10
8059.535873 5.00681e-10
8060.966016 4.98786e-10
8062.396159 4.96891e-10
8063.826302 4.94995e-10
8065.256445 4.93098e-10
8066.686588 4.912e-10
8068.116731 4.89302e-10
8069.546874 4.87403e-10
8070.977017 4.85504e-10
8072.40716 4.83603e-10
8073.837303 4.81702e-10
8075.267446 4.79801e-10
8076.697589 4.77898e-10
8078.127732 4.75995e-10
8079.557875 4.74091e-10
8080.988018 4.72187e-10
8082.418161 4.70281e-10
8083.848304 4.68375e-10
8085.278447 4.66469e-10
8086.70859 4.64561e-10
8088.138733 4.62653e-10
8089.568876 4.60745e-10
8090.999019 4.58835e-10
8092.429162 4.56925e-10
8093.859305 4.5694e-10
8095.289448 4.57099e-10
8096.719591 4.57258e-10
8098.149734 4.57418e-10
8099.579877 4.57578e-10
8101.01002 4.57737e-10
8102.440163 4.57897e-10
8103.870306 4.58056e-10
8105.300449 4.58216e-10
8106.730592 4.58376e-10
8108.160735 4.58535e-10
8109.590878 4.58695e-10
8111.021021 4.58855e-10
8112.451164 4.59014e-10
8113.881307 4.59174e-10
8115.31145 4.59334e-10
8116.741593 4.59494e-10
8118.171736 4.59654e-10
8119.601879 4.59814e-10
8121.032022 4.59974e-10
8122.462165 4.60134e-10
8123.892308 4.60294e-10
8125.322451 4.60454e-10
8126.752594 4.60614e-10
8128.182737 4.60774e-10
8129.61288 4.60934e-10
8131.043023 4.61094e-10
8132.473166 4.61254e-10
8133.903309 4.61414e-10
8135.333452 4.61575e-10
8136.763595 4.61735e-10
8138.193738 4.61895e-10
8139.623881 4.62055e-10
8141.054024 4.62216e-10
8142.484167 4.62376e-10
8143.91431 4.62536e-10
8145.344453 4.62697e-10
8146.774596 4.62857e-10
8148.204739 4.63018e-10
8149.634882 4.63178e-10
8151.065025 4.63339e-10
8152.495168 4.63499e-10
8153.925311 4.6366e-10
8155.355454 4.63821e-10
8156.785597 4.63981e-10
8158.21574 4.64142e-10
8159.645883 4.64302e-10
8161.076026 4.64463e-10
8162.506169 4.64624e-10
8163.936312 4.64785e-10
8165.366455 4.64946e-10
8166.796598 4.65106e-10
8168.226741 4.65267e-10
8169.656884 4.65428e-10
8171.087027 4.65589e-10
8172.51717 4.6575e-10
8173.947313 4.65834e-10
8175.377456 4.64777e-10
8176.807599 4.63718e-10
8178.237742 4.6266e-10
8179.667885 4.61601e-10
8181.098028 4.60542e-10
8182.528171 4.59482e-10
8183.958314 4.58422e-10
8185.388457 4.57362e-10
8186.8186 4.56301e-10
8188.248743 4.55239e-10
8189.678886 4.54178e-10
8191.109029 4.53116e-10
8192.539172 4.52053e-10
8193.969315 4.5099e-10
8195.399458 4.49927e-10
8196.829601 4.48863e-10
8198.259744 4.47799e-10
8199.689887 4.46735e-10
8201.12003 4.4567e-10
8202.550173 4.44605e-10
8203.980316 4.43539e-10
8205.410459 4.42473e-10
8206.840602 4.41406e-10
8208.270745 4.4034e-10
8209.700888 4.39272e-10
8211.131031 4.38205e-10
8212.561174 4.37137e-10
8213.991317 4.36068e-10
8215.42146 4.34999e-10
8216.851603 4.3393e-10
8218.281746 4.3286e-10
8219.711889 4.3179e-10
8221.142032 4.3072e-10
8222.572175 4.29649e-10
8224.002318 4.28578e-10
8225.432461 4.27506e-10
8226.862604 4.26434e-10
8228.292747 4.25362e-10
8229.72289 4.24289e-10
8231.153033 4.23216e-10
8232.583176 4.22142e-10
8234.013319 4.21068e-10
8235.443462 4.19994e-10
8236.873605 4.18919e-10
8238.303748 4.17844e-10
8239.733891 4.16768e-10
8241.164034 4.15692e-10
8242.594177 4.14615e-10
8244.02432 4.13539e-10
8245.454463 4.12461e-10
8246.884606 4.11384e-10
8248.314749 4.10306e-10
8249.744892 4.09227e-10
8251.175035 4.08149e-10
8252.605178 4.07069e-10
8254.035321 4.0599e-10
8255.465464 4.0462e-10
8256.895607 4.02008e-10
8258.32575 3.99394e-10
8259.755893 3.96779e-10
8261.186036 3.94164e-10
8262.616179 3.91547e-10
8264.046322 3.8893e-10
8265.476465 3.86312e-10
8266.906608 3.83693e-10
8268.336751 3.81072e-10
8269.766894 3.78451e-10
8271.197037 3.75829e-10
8272.62718 3.73206e-10
8274.057323 3.70582e-10
8275.487466 3.67958e-10
8276.917609 3.65332e-10
8278.347752 3.62705e-10
8279.777895 3.60077e-10
8281.208038 3.57449e-10
8282.638181 3.54819e-10
8284.068324 3.52189e-10
8285.498467 3.49558e-10
8286.92861 3.46925e-10
8288.358753 3.44292e-10
8289.788896 3.41658e-10
8291.219039 3.39023e-10
8292.649182 3.36387e-10
8294.079325 3.3375e-10
8295.509468 3.31112e-10
8296.939611 3.28474e-10
8298.369754 3.25834e-10
8299.799897 3.23193e-10
8301.23004 3.20552e-10
8302.660183 3.17909e-10
8304.090326 3.15266e-10
8305.520469 3.12622e-10
8306.950612 3.09976e-10
8308.380755 3.0733e-10
8309.810898 3.04683e-10
8311.241041 3.02035e-10
8312.671184 2.99386e-10
8314.101327 2.96736e-10
8315.53147 2.94085e-10
8316.961613 2.91433e-10
8318.391756 2.88781e-10
8319.821899 2.86127e-10
8321.252042 2.83472e-10
8322.682185 2.80817e-10
8324.112328 2.78161e-10
8325.542471 2.75503e-10
8326.972614 2.72845e-10
8328.402757 2.70186e-10
8329.8329 2.67526e-10
8331.263043 2.64864e-10
8332.693186 2.62202e-10
8334.123329 2.5954e-10
8335.553472 2.56876e-10
8336.983615 2.70442e-10
8338.413758 3.18247e-10
8339.843901 3.66067e-10
8341.274044 4.13904e-10
8342.704187 4.61758e-10
8344.13433 5.09627e-10
8345.564473 5.57513e-10
8346.994616 6.05416e-10
8348.424759 6.53335e-10
8349.854902 7.0127e-10
8351.285045 7.49222e-10
8352.715188 7.9719e-10
8354.145331 8.45174e-10
8355.575474 8.93175e-10
8357.005617 9.41192e-10
8358.43576 9.89226e-10
8359.865903 1.03728e-09
8361.296046 1.08534e-09
8362.726189 1.13343e-09
8364.156332 1.18152e-09
8365.586475 1.22964e-09
8367.016618 1.27777e-09
8368.446761 1.32592e-09
8369.876904 1.37408e-09
8371.307047 1.42227e-09
8372.73719 1.47046e-09
8374.167333 1.51868e-09
8375.597476 1.56691e-09
8377.027619 1.61515e-09
8378.457762 1.66342e-09
8379.887905 1.7117e-09
8381.318048 1.75999e-09
8382.748191 1.8083e-09
8384.178334 1.85663e-09
8385.608477 1.90498e-09
8387.03862 1.95334e-09
8388.468763 2.00172e-09
8389.898906 2.05011e-09
8391.329049 2.09852e-09
8392.759192 2.14695e-09
8394.189335 2.19539e-09
8395.619478 2.24385e-09
8397.049621 2.29233e-09
8398.479764 2.34082e-09
8399.909907 2.38933e-09
8401.34005 2.43785e-09
8402.770193 2.48639e-09
8404.200336 2.53495e-09
8405.630479 2.58352e-09
8407.060622 2.63212e-09
8408.490765 2.68072e-09
8409.920908 2.72935e-09
8411.351051 2.77799e-09
8412.781194 2.82664e-09
8414.211337 2.87531e-09
8415.64148 2.924e-09
8417.071623 2.97271e-09
8418.501766 3.00238e-09
8419.931909 3.0092e-09
8421.362052 3.01602e-09
8422.792195 3.02285e-09
8424.222338 3.02968e-09
8425.652481 3.0365e-09
8427.082624 3.04333e-09
8428.512767 3.05017e-09
8429.94291 3.057e-09
8431.373053 3.06384e-09
8432.803196 3.07068e-09
8434.233339 3.07752e-09
8435.663482 3.08437e-09
8437.093625 3.09121e-09
8438.523768 3.09806e-09
8439.953911 3.10491e-09
8441.384054 3.11176e-09
8442.814197 3.11862e-09
8444.24434 3.12547e-09
8445.674483 3.13233e-09
8447.104626 3.13919e-09
8448.534769 3.14606e-09
8449.964912 3.15292e-09
8451.395055 3.15979e-09
8452.825198 3.16666e-09
8454.255341 3.17353e-09
8455.685484 3.18041e-09
8457.115627 3.18728e-09
8458.54577 3.19416e-09
8459.975913 3.20104e-09
8461.406056 3.20792e-09
8462.836199 3.21481e-09
8464.266342 3.22169e-09
8465.696485 3.22858e-09
8467.126628 3.23547e-09
8468.556771 3.24237e-09
8469.986914 3.24926e-09
8471.417057 3.25616e-09
8472.8472 3.26306e-09
8474.277343 3.26996e-09
8475.707486 3.27687e-09
8477.137629 3.28377e-09
8478.567772 3.29068e-09
8479.997915 3.29759e-09
8481.428058 3.3045e-09
8482.858201 3.31142e-09
8484.288344 3.31833e-09
8485.718487 3.32525e-09
8487.14863 3.33217e-09
8488.578773 3.3391e-09
8490.008916 3.34602e-09
8491.439059 3.35295e-09
8492.869202 3.35988e-09
8494.299345 3.36681e-09
8495.729488 3.37375e-09
8497.159631 3.38068e-09
8498.589774 3.38762e-09
8500.019917 3.38507e-09
8501.45006 3.37567e-09
8502.880203 3.36626e-09
8504.310346 3.35684e-09
8505.740489 3.34742e-09
8507.170632 3.338e-09
8508.600775 3.32858e-09
8510.030918 3.31915e-09
8511.461061 3.30972e-09
8512.891204 3.30029e-09
8514.321347 3.29085e-09
8515.75149 3.28141e-09
8517.181633 3.27197e-09
8518.611776 3.26252e-09
8520.041919 3.25307e-09
8521.472062 3.24361e-09
8522.902205 3.23416e-09
8524.332348 3.2247e-09
8525.762491 3.21523e-09
8527.192634 3.20576e-09
8528.622777 3.19629e-09
8530.05292 3.18682e-09
8531.483063 3.17734e-09
8532.913206 3.16786e-09
8534.343349 3.15838e-09
8535.773492 3.14889e-09
8537.203635 3.1394e-09
8538.633778 3.1299e-09
8540.063921 3.1204e-09
8541.494064 3.1109e-09
8542.924207 3.1014e-09
8544.35435 3.09189e-09
8545.784493 3.08238e-09
8547.214636 3.07287e-09
8548.644779 3.06335e-09
8550.074922 3.05383e-09
8551.505065 3.0443e-09
8552.935208 3.03477e-09
8554.365351 3.02524e-09
8555.795494 3.01571e-09
8557.225637 3.00617e-09
8558.65578 2.99663e-09
8560.085923 2.98708e-09
8561.516066 2.97754e-09
8562.946209 2.96798e-09
8564.376352 2.95843e-09
8565.806495 2.94887e-09
8567.236638 2.93931e-09
8568.666781 2.92974e-09
8570.096924 2.92018e-09
8571.527067 2.9106e-09
8572.95721 2.90103e-09
8574.387353 2.89145e-09
8575.817496 2.88187e-09
8577.247639 2.87228e-09
8578.677782 2.8627e-09
8580.107925 2.8531e-09
8581.538068 2.84153e-09
8582.968211 2.82916e-09
8584.398354 2.81679e-09
8585.828497 2.80441e-09
8587.25864 2.79203e-09
8588.688783 2.77965e-09
8590.118926 2.76725e-09
8591.549069 2.75486e-09
8592.979212 2.74246e-09
8594.409355 2.73006e-09
8595.839498 2.71765e-09
8597.269641 2.70524e-09
8598.699784 2.69282e-09
8600.129927 2.6804e-09
8601.56007 2.66798e-09
8602.990213 2.65555e-09
8604.420356 2.64311e-09
8605.850499 2.63068e-09
8607.280642 2.61824e-09
8608.710785 2.60579e-09
8610.140928 2.59334e-09
8611.571071 2.58088e-09
8613.001214 2.56842e-09
8614.431357 2.55596e-09
8615.8615 2.54349e-09
8617.291643 2.53102e-09
8618.721786 2.51855e-09
8620.151929 2.50607e-09
8621.582072 2.49358e-09
8623.012215 2.48109e-09
8624.442358 2.4686e-09
8625.872501 2.4561e-09
8627.302644 2.4436e-09
8628.732787 2.43109e-09
8630.16293 2.41858e-09
8631.593073 2.40607e-09
8633.023216 2.39355e-09
8634.453359 2.38103e-09
8635.883502 2.3685e-09
8637.313645 2.35597e-09
8638.743788 2.34343e-09
8640.173931 2.33089e-09
8641.604074 2.31835e-09
8643.034217 2.3058e-09
8644.46436 2.29324e-09
8645.894503 2.28069e-09
8647.324646 2.26813e-09
8648.754789 2.25556e-09
8650.184932 2.24299e-09
8651.615075 2.23041e-09
8653.045218 2.21784e-09
8654.475361 2.20525e-09
8655.905504 2.19267e-09
8657.335647 2.18007e-09
8658.76579 2.16748e-09
8660.195933 2.15488e-09
8661.626076 2.14227e-09
8663.056219 2.13835e-09
8664.486362 2.13599e-09
8665.916505 2.13364e-09
8667.346648 2.13129e-09
8668.776791 2.12894e-09
8670.206934 2.12658e-09
8671.637077 2.12423e-09
8673.06722 2.12187e-09
8674.497363 2.11951e-09
8675.927506 2.11715e-09
8677.357649 2.1148e-09
8678.787792 2.11244e-09
8680.217935 2.11007e-09
8681.648078 2.10771e-09
8683.078221 2.10535e-09
8684.508364 2.10299e-09
8685.938507 2.10062e-09
8687.36865 2.09826e-09
8688.798793 2.09589e-09
8690.228936 2.09352e-09
8691.659079 2.09116e-09
8693.089222 2.08879e-09
8694.519365 2.08642e-09
8695.949508 2.08405e-09
8697.379651 2.08168e-09
8698.809794 2.0793e-09
8700.239937 2.07693e-09
8701.67008 2.07456e-09
8703.100223 2.07218e-09
8704.530366 2.06981e-09
8705.960509 2.06743e-09
8707.390652 2.06505e-09
8708.820795 2.06267e-09
8710.250938 2.06029e-09
8711.681081 2.05791e-09
8713.111224 2.05553e-09
8714.541367 2.05315e-09
8715.97151 2.05077e-09
8717.401653 2.04838e-09
8718.831796 2.046e-09
8720.261939 2.04361e-09
8721.692082 2.04122e-09
8723.122225 2.03884e-09
8724.552368 2.03645e-09
8725.982511 2.03406e-09
8727.412654 2.03167e-09
8728.842797 2.02928e-09
8730.27294 2.02689e-09
8731.703083 2.02449e-09
8733.133226 2.0221e-09
8734.563369 2.0197e-09
8735.993512 2.01731e-09
8737.423655 2.01491e-09
8738.853798 2.01252e-09
8740.283941 2.01012e-09
8741.714084 2.00772e-09
8743.144227 2.00532e-09
8744.57437 1.99757e-09
8746.004513 1.98967e-09
8747.434656 1.98177e-09
8748.864799 1.97386e-09
8750.294942 1.96595e-09
8751.725085 1.95804e-09
8753.155228 1.95012e-09
8754.585371 1.9422e-09
8756.015514 1.93428e-09
8757.445657 1.92636e-09
8758.8758 1.91843e-09
8760.305943 1.9105e-09
8761.736086 1.90257e-09
8763.166229 1.89464e-09
8764.596372 1.8867e-09
8766.026515 1.87876e-09
8767.456658 1.87082e-09
8768.886801 1.86287e-09
8770.316944 1.85493e-09
8771.747087 1.84698e-09
8773.17723 1.83902e-09
8774.607373 1.83107e-09
8776.037516 1.82311e-09
8777.467659 1.81515e-09
8778.897802 1.80718e-09
8780.327945 1.79922e-09
8781.758088 1.79125e-09
8783.188231 1.78328e-09
8784.618374 1.7753e-09
8786.048517 1.76733e-09
8787.47866 1.75935e-09
8788.908803 1.75136e-09
8790.338946 1.74338e-09
8791.769089 1.73539e-09
8793.199232 1.7274e-09
8794.629375 1.71941e-09
8796.059518 1.71141e-09
8797.489661 1.70341e-09
8798.919804 1.69541e-09
8800.349947 1.6874e-09
8801.78009 1.6794e-09
8803.210233 1.67139e-09
8804.640376 1.66338e-09
8806.070519 1.65536e-09
8807.500662 1.64734e-09
8808.930805 1.63932e-09
8810.360948 1.6313e-09
8811.791091 1.62327e-09
8813.221234 1.61525e-09
8814.651377 1.60722e-09
8816.08152 1.59918e-09
8817.511663 1.59115e-09
8818.941806 1.58311e-09
8820.371949 1.57506e-09
8821.802092 1.56702e-09
8823.232235 1.55897e-09
8824.662378 1.55166e-09
8826.092521 1.55067e-09
8827.522664 1.54967e-09
8828.952807 1.54867e-09
8830.38295 1.54767e-09
8831.813093 1.54667e-09
8833.243236 1.54567e-09
8834.673379 1.54467e-09
8836.103522 1.54367e-09
8837.533665 1.54267e-09
8838.963808 1.54167e-09
8840.393951 1.54067e-09
8841.824094 1.53967e-09
8843.254237 1.53867e-09
8844.68438 1.53766e-09
8846.114523 1.53666e-09
8847.544666 1.53566e-09
8848.974809 1.53465e-09
8850.404952 1.53365e-09
8851.835095 1.53264e-09
8853.265238 1.53164e-09
8854.695381 1.53063e-09
8856.125524 1.52963e-09
8857.555667 1.52862e-09
8858.98581 1.52762e-09
8860.415953 1.52661e-09
8861.846096 1.5256e-09
8863.276239 1.52459e-09
8864.706382 1.52359e-09
8866.136525 1.52258e-09
8867.566668 1.52157e-09
8868.996811 1.52056e-09
8870.426954 1.51955e-09
8871.857097 1.51854e-09
8873.28724 1.51753e-09
8874.717383 1.51652e-09
8876.147526 1.51551e-09
8877.577669 1.51449e-09
8879.007812 1.51348e-09
8880.437955 1.51247e-09
8881.868098 1.51146e-09
8883.298241 1.51044e-09
8884.728384 1.50943e-09
8886.158527 1.50841e-09
8887.58867 1.5074e-09
8889.018813 1.50638e-09
8890.448956 1.50537e-09
8891.879099 1.50435e-09
8893.309242 1.50334e-09
8894.739385 1.50232e-09
8896.169528 1.5013e-09
8897.599671 1.50029e-09
8899.029814 1.49927e-09
8900.459957 1.49825e-09
8901.8901 1.49723e-09
8903.320243 1.49621e-09
8904.750386 1.49519e-09
8906.180529 1.49316e-09
8907.610672 1.48775e-09
8909.040815 1.48234e-09
8910.470958 1.47692e-09
8911.901101 1.47151e-09
8913.331244 1.46609e-09
8914.761387 1.46067e-09
8916.19153 1.45525e-09
8917.621673 1.44982e-09
8919.051816 1.4444e-09
8920.481959 1.43897e-09
8921.912102 1.43354e-09
8923.342245 1.42811e-09
8924.772388 1.42268e-09
8926.202531 1.41725e-09
8927.632674 1.41181e-09
8929.062817 1.40637e-09
8930.49296 1.40093e-09
8931.923103 1.39549e-09
8933.353246 1.39005e-09
8934.783389 1.3846e-09
8936.213532 1.37916e-09
8937.643675 1.37371e-09
8939.073818 1.36826e-09
8940.503961 1.3628e-09
8941.934104 1.35735e-09
8943.364247 1.35189e-09
8944.79439 1.34644e-09
8946.224533 1.34098e-09
8947.654676 1.33552e-09
8949.084819 1.33005e-09
8950.514962 1.32459e-09
8951.945105 1.31912e-09
8953.375248 1.31365e-09
8954.805391 1.30818e-09
8956.235534 1.30271e-09
8957.665677 1.29724e-09
8959.09582 1.29176e-09
8960.525963 1.28628e-09
8961.956106 1.2808e-09
8963.386249 1.27532e-09
8964.816392 1.26984e-09
8966.246535 1.26435e-09
8967.676678 1.25887e-09
8969.106821 1.25338e-09
8970.536964 1.24789e-09
8971.967107 1.2424e-09
8973.39725 1.2369e-09
8974.827393 1.23141e-09
8976.257536 1.22591e-09
8977.687679 1.22041e-09
8979.117822 1.21491e-09
8980.547965 1.2094e-09
8981.978108 1.2039e-09
8983.408251 1.19839e-09
8984.838394 1.19288e-09
8986.268537 1.18737e-09
8987.69868 1.18235e-09
8989.128823 1.17818e-09
8990.558966 1.174e-09
8991.989109 1.16983e-09
8993.419252 1.16565e-09
8994.849395 1.16147e-09
8996.279538 1.15729e-09
8997.709681 1.15311e-09
8999.139824 1.14893e-09
9000.569967 1.14474e-09
9002.00011 1.14056e-09
9003.430253 1.13637e-09
9004.860396 1.13218e-09
9006.290539 1.12799e-09
9007.720682 1.1238e-09
9009.150825 1.11961e-09
9010.580968 1.11541e-09
9012.011111 1.11122e-09
9013.441254 1.10702e-09
9014.871397 1.10282e-09
9016.30154 1.09862e-09
9017.731683 1.09442e-09
9019.161826 1.09022e-09
9020.591969 1.08602e-09
9022.022112 1.08181e-09
9023.452255 1.0776e-09
9024.882398 1.0734e-09
9026.312541 1.06919e-09
9027.742684 1.06498e-09
9029.172827 1.06076e-09
9030.60297 1.05655e-09
9032.033113 1.05234e-09
9033.463256 1.04812e-09
9034.893399 1.0439e-09
9036.323542 1.03968e-09
9037.753685 1.03546e-09
9039.183828 1.03124e-09
9040.613971 1.02702e-09
9042.044114 1.02279e-09
9043.474257 1.01857e-09
9044.9044 1.01434e-09
9046.334543 1.01011e-09
9047.764686 1.00588e-09
9049.194829 1.00165e-09
9050.624972 9.97418e-10
9052.055115 9.93183e-10
9053.485258 9.88948e-10
9054.915401 9.84711e-10
9056.345544 9.80472e-10
9057.775687 9.76233e-10
9059.20583 9.71991e-10
9060.635973 9.67749e-10
9062.066116 9.63505e-10
9063.496259 9.5926e-10
9064.926402 9.55013e-10
9066.356545 9.50765e-10
9067.786688 9.46515e-10
9069.216831 9.4179e-10
9070.646974 9.36582e-10
9072.077117 9.31372e-10
9073.50726 9.2616e-10
9074.937403 9.20947e-10
9076.367546 9.15732e-10
9077.797689 9.10515e-10
9079.227832 9.05297e-10
9080.657975 9.00077e-10
9082.088118 8.94855e-10
9083.518261 8.89631e-10
9084.948404 8.84406e-10
9086.378547 8.79179e-10
9087.80869 8.73951e-10
9089.238833 8.68721e-10
9090.668976 8.63489e-10
9092.099119 8.58255e-10
9093.529262 8.5302e-10
9094.959405 8.47783e-10
9096.389548 8.42544e-10
9097.819691 8.37304e-10
9099.249834 8.32062e-10
9100.679977 8.26818e-10
9102.11012 8.21573e-10
9103.540263 8.16325e-10
9104.970406 8.11077e-10
9106.400549 8.05826e-10
9107.830692 8.00574e-10
9109.260835 7.9532e-10
9110.690978 7.90065e-10
9112.121121 7.84807e-10
9113.551264 7.79548e-10
9114.981407 7.74288e-10
9116.41155 7.69025e-10
9117.841693 7.63761e-10
9119.271836 7.58496e-10
9120.701979 7.53228e-10
9122.132122 7.47959e-10
9123.562265 7.42688e-10
9124.992408 7.37416e-10
9126.422551 7.32142e-10
9127.852694 7.26866e-10
9129.282837 7.21589e-10
9130.71298 7.16309e-10
9132.143123 7.11028e-10
9133.573266 7.05746e-10
9135.003409 7.00462e-10
9136.433552 6.95176e-10
9137.863695 6.89888e-10
9139.293838 6.84599e-10
9140.723981 6.79308e-10
9142.154124 6.74015e-10
9143.584267 6.6872e-10
9145.01441 6.63424e-10
9146.444553 6.58127e-10
9147.874696 6.52827e-10
9149.304839 6.47526e-10
9150.734982 6.4463e-10
9152.165125 6.43194e-10
9153.595268 6.41757e-10
9155.025411 6.4032e-10
9156.455554 6.38882e-10
9157.885697 6.37444e-10
9159.31584 6.36005e-10
9160.745983 6.34566e-10
9162.176126 6.33126e-10
9163.606269 6.31686e-10
9165.036412 6.30246e-10
9166.466555 6.28805e-10
9167.896698 6.27363e-10
9169.326841 6.25921e-10
9170.756984 6.24478e-10
9172.187127 6.23035e-10
9173.61727 6.21592e-10
9175.047413 6.20148e-10
9176.477556 6.18704e-10
9177.907699 6.17259e-10
9179.337842 6.15813e-10
9180.767985 6.14367e-10
9182.198128 6.12921e-10
9183.628271 6.11474e-10
9185.058414 6.10027e-10
9186.488557 6.08579e-10
9187.9187 6.07131e-10
9189.348843 6.05682e-10
9190.778986 6.04233e-10
9192.209129 6.02783e-10
9193.639272 6.01333e-10
9195.069415 5.99882e-10
9196.499558 5.98431e-10
9197.929701 5.96979e-10
9199.359844 5.95527e-10
9200.789987 5.94075e-10
9202.22013 5.92621e-10
9203.650273 5.91168e-10
9205.080416 5.89714e-10
9206.510559 5.88259e-10
9207.940702 5.86804e-10
9209.370845 5.85349e-10
9210.800988 5.83893e-10
9212.231131 5.82436e-10
9213.661274 5.8098e-10
9215.091417 5.79522e-10
9216.52156 5.78064e-10
9217.951703 5.76606e-10
9219.381846 5.75147e-10
9220.811989 5.73688e-10
9222.242132 5.72228e-10
9223.672275 5.70768e-10
9225.102418 5.69307e-10
9226.532561 5.67846e-10
9227.962704 5.66384e-10
9229.392847 5.64922e-10
9230.82299 5.63459e-10
9232.253133 5.60578e-10
9233.683276 5.57238e-10
9235.113419 5.53896e-10
9236.543562 5.50553e-10
9237.973705 5.47209e-10
9239.403848 5.43865e-10
9240.833991 5.40519e-10
9242.264134 5.37171e-10
9243.694277 5.33823e-10
9245.12442 5.30474e-10
9246.554563 5.27124e-10
9247.984706 5.23773e-10
9249.414849 5.2042e-10
9250.844992 5.17067e-10
9252.275135 5.13712e-10
9253.705278 5.10357e-10
9255.135421 5.07e-10
9256.565564 5.03643e-10
9257.995707 5.00284e-10
9259.42585 4.96924e-10
9260.855993 4.93563e-10
9262.286136 4.90201e-10
9263.716279 4.86838e-10
9265.146422 4.83474e-10
9266.576565 4.80109e-10
9268.006708 4.76743e-10
9269.436851 4.73376e-10
9270.866994 4.70008e-10
9272.297137 4.66638e-10
9273.72728 4.63268e-10
9275.157423 4.59896e-10
9276.587566 4.56524e-10
9278.017709 4.5315e-10
9279.447852 4.49776e-10
9280.877995 4.464e-10
9282.308138 4.43023e-10
9283.738281 4.39645e-10
9285.168424 4.36266e-10
9286.598567 4.32886e-10
9288.02871 4.29505e-10
9289.458853 4.26123e-10
9290.888996 4.2274e-10
9292.319139 4.19356e-10
9293.749282 4.15971e-10
9295.179425 4.12584e-10
9296.609568 4.09197e-10
9298.039711 4.05809e-10
9299.469854 4.02419e-10
9300.899997 3.99029e-10
9302.33014 3.95637e-10
9303.760283 3.92244e-10
9305.190426 3.8885e-10
9306.620569 3.85456e-10
9308.050712 3.8206e-10
9309.480855 3.78663e-10
9310.910998 3.75265e-10
9312.341141 3.71866e-10
9313.771284 3.69148e-10
9315.201427 3.66516e-10
9316.63157 3.63884e-10
9318.061713 3.6125e-10
9319.491856 3.58616e-10
9320.921999 3.5598e-10
9322.352142 3.53344e-10
9323.782285 3.50707e-10
9325.212428 3.48069e-10
9326.642571 3.45431e-10
9328.072714 3.42791e-10
9329.502857 3.40151e-10
9330.933 3.3751e-10
9332.363143 3.34868e-10
9333.793286 3.32225e-10
9335.223429 3.29582e-10
9336.653572 3.26937e-10
9338.083715 3.24292e-10
9339.513858 3.21646e-10
9340.944001 3.18999e-10
9342.374144 3.16352e-10
9343.804287 3.13703e-10
9345.23443 3.11054e-10
9346.664573 3.08404e-10
9348.094716 3.05753e-10
9349.524859 3.03101e-10
9350.955002 3.00448e-10
9352.385145 2.97795e-10
9353.815288 2.9514e-10
9355.245431 2.92485e-10
9356.675574 2.89829e-10
9358.105717 2.87172e-10
9359.53586 2.84515e-10
9360.966003 2.81856e-10
9362.396146 2.79197e-10
9363.826289 2.76537e-10
9365.256432 2.73876e-10
9366.686575 2.71215e-10
9368.116718 2.68552e-10
9369.546861 2.65889e-10
9370.977004 2.63224e-10
9372.407147 2.60559e-10
9373.83729 2.57894e-10
9375.267433 2.55227e-10
9376.697576 2.52559e-10
9378.127719 2.49891e-10
9379.557862 2.47222e-10
9380.988005 2.44552e-10
9382.418148 2.41881e-10
9383.848291 2.39209e-10
9385.278434 2.36537e-10
9386.708577 2.33864e-10
9388.13872 2.3119e-10
9389.568863 2.28515e-10
9390.999006 2.25839e-10
9392.429149 2.23162e-10
9393.859292 2.20493e-10
9395.289435 2.18392e-10
9396.719578 2.1629e-10
9398.149721 2.14188e-10
9399.579864 2.12085e-10
9401.010007 2.09981e-10
9402.44015 2.07877e-10
9403.870293 2.05772e-10
9405.300436 2.03667e-10
9406.730579 2.01561e-10
9408.160722 1.99454e-10
9409.590865 1.97346e-10
9411.021008 1.95238e-10
9412.451151 1.93129e-10
9413.881294 1.9102e-10
9415.311437 1.8891e-10
9416.74158 1.86799e-10
9418.171723 1.84688e-10
9419.601866 1.82575e-10
9421.032009 1.80463e-10
9422.462152 1.78349e-10
9423.892295 1.76235e-10
9425.322438 1.74121e-10
9426.752581 1.72005e-10
9428.182724 1.6989e-10
9429.612867 1.67773e-10
9431.04301 1.65656e-10
9432.473153 1.63538e-10
9433.903296 1.61419e-10
9435.333439 1.593e-10
9436.763582 1.5718e-10
9438.193725 1.5506e-10
9439.623868 1.52939e-10
9441.054011 1.50817e-10
9442.484154 1.48694e-10
9443.914297 1.46571e-10
9445.34444 1.44447e-10
9446.774583 1.42323e-10
9448.204726 1.40198e-10
9449.634869 1.38072e-10
9451.065012 1.35946e-10
9452.495155 1.33819e-10
9453.925298 1.31691e-10
9455.355441 1.29563e-10
9456.785584 1.27434e-10
9458.215727 1.25304e-10
9459.64587 1.23174e-10
9461.076013 1.21043e-10
9462.506156 1.18912e-10
9463.936299 1.1678e-10
9465.366442 1.14647e-10
9466.796585 1.12513e-10
9468.226728 1.10379e-10
9469.656871 1.08244e-10
9471.087014 1.06109e-10
9472.517157 1.03973e-10
9473.9473 1.01836e-10
9475.377443 9.98041e-11
9476.807586 9.83848e-11
9478.237729 9.69651e-11
9479.667872 9.55449e-11
9481.098015 9.41243e-11
9482.528158 9.27032e-11
9483.958301 9.12817e-11
9485.388444 8.98598e-11
9486.818587 8.84375e-11
9488.24873 8.70147e-11
9489.678873 8.55915e-11
9491.109016 8.41678e-11
9492.539159 8.27437e-11
9493.969302 8.13192e-11
9495.399445 7.98943e-11
9496.829588 7.84689e-11
9498.259731 7.70431e-11
9499.689874 7.56168e-11
9501.120017 7.41902e-11
9502.55016 7.27631e-11
9503.980303 7.13355e-11
9505.410446 6.99075e-11
9506.840589 6.84791e-11
9508.270732 6.70503e-11
9509.700875 6.5621e-11
9511.131018 6.41913e-11
9512.561161 6.27612e-11
9513.991304 6.13306e-11
9515.421447 5.98996e-11
9516.85159 5.84681e-11
9518.281733 5.70363e-11
9519.711876 5.5604e-11
9521.142019 5.41712e-11
9522.572162 5.27381e-11
9524.002305 5.13044e-11
9525.432448 4.98704e-11
9526.862591 4.84359e-11
9528.292734 4.7001e-11
9529.722877 4.55657e-11
9531.15302 4.41299e-11
9532.583163 4.26937e-11
9534.013306 4.12571e-11
9535.443449 3.982e-11
9536.873592 3.83825e-11
9538.303735 3.69446e-11
9539.733878 3.55062e-11
9541.164021 3.40674e-11
9542.594164 3.26282e-11
9544.024307 3.11885e-11
9545.45445 2.97484e-11
9546.884593 2.83079e-11
9548.314736 2.68669e-11
9549.744879 2.54255e-11
9551.175022 2.39837e-11
9552.605165 2.25414e-11
9554.035308 2.10987e-11
9555.465451 1.96556e-11
9556.895594 1.85267e-11
9558.325737 1.82365e-11
9559.75588 1.79462e-11
9561.186023 1.76558e-11
9562.616166 1.73654e-11
9564.046309 1.70748e-11
9565.476452 1.67842e-11
9566.906595 1.64934e-11
9568.336738 1.62026e-11
9569.766881 1.59117e-11
9571.197024 1.56208e-11
9572.627167 1.53297e-11
9574.05731 1.50385e-11
9575.487453 1.47473e-11
9576.917596 1.44559e-11
9578.347739 1.41645e-11
9579.777882 1.3873e-11
9581.208025 1.35814e-11
9582.638168 1.32897e-11
9584.068311 1.29979e-11
9585.498454 1.27061e-11
9586.928597 1.24141e-11
9588.35874 1.21221e-11
9589.788883 1.183e-11
9591.219026 1.15378e-11
9592.649169 1.12455e-11
9594.079312 1.09531e-11
9595.509455 1.06606e-11
9596.939598 1.0368e-11
9598.369741 1.00754e-11
9599.799884 9.78264e-12
9601.230027 9.48981e-12
9602.66017 9.1969e-12
9604.090313 8.9039e-12
9605.520456 8.61081e-12
9606.950599 8.31763e-12
9608.380742 8.02436e-12
9609.810885 7.73101e-12
9611.241028 7.43757e-12
9612.671171 7.14404e-12
9614.101314 6.85043e-12
9615.531457 6.55673e-12
9616.9616 6.26293e-12
9618.391743 5.96906e-12
9619.821886 5.67509e-12
9621.252029 5.38104e-12
9622.682172 5.08689e-12
9624.112315 4.79267e-12
9625.542458 4.49835e-12
9626.972601 4.20394e-12
9628.402744 3.90945e-12
9629.832887 3.61487e-12
9631.26303 3.3202e-12
9632.693173 3.02545e-12
9634.123316 2.73061e-12
9635.553459 2.43568e-12
9636.983602 2.14066e-12
9638.413745 1.95137e-12
9639.843888 1.91712e-12
9641.274031 1.88286e-12
9642.704174 1.8486e-12
9644.134317 1.81432e-12
9645.56446 1.78003e-12
9646.994603 1.74573e-12
9648.424746 1.71142e-12
9649.854889 1.6771e-12
9651.285032 1.64277e-12
9652.715175 1.60843e-12
9654.145318 1.57409e-12
9655.575461 1.53973e-12
9657.005604 1.50536e-12
9658.435747 1.47097e-12
9659.86589 1.43658e-12
9661.296033 1.40218e-12
9662.726176 1.36777e-12
9664.156319 1.33335e-12
9665.586462 1.29892e-12
9667.016605 1.26448e-12
9668.446748 1.23002e-12
9669.876891 1.19556e-12
9671.307034 1.16109e-12
9672.737177 1.12661e-12
9674.16732 1.09211e-12
9675.597463 1.05761e-12
9677.027606 1.0231e-12
9678.457749 9.88573e-13
9679.887892 9.54038e-13
9681.318035 9.19494e-13
9682.748178 8.84939e-13
9684.178321 8.50375e-13
9685.608464 8.15799e-13
9687.038607 7.81214e-13
9688.46875 7.46618e-13
9689.898893 7.12012e-13
9691.329036 6.77396e-13
9692.759179 6.4277e-13
9694.189322 6.08133e-13
9695.619465 5.73486e-13
9697.049608 5.38829e-13
9698.479751 5.04162e-13
9699.909894 4.69484e-13
9701.340037 4.34797e-13
9702.77018 4.00098e-13
9704.200323 3.6539e-13
9705.630466 3.30671e-13
9707.060609 2.95943e-13
9708.490752 2.61204e-13
9709.920895 2.26454e-13
9711.351038 1.91695e-13
9712.781181 1.56925e-13
9714.211324 1.22145e-13
9715.641467 8.73543e-14
9717.07161 5.25537e-14
9718.501753 1.77429e-14
9719.931896 1.65717e-15
9721.362039 1.628e-15
9722.792182 1.59881e-15
9724.222325 1.56962e-15
9725.652468 1.54041e-15
9727.082611 1.5112e-15
9728.512754 1.48198e-15
9729.942897 1.45275e-15
9731.37304 1.42352e-15
9732.803183 1.39427e-15
9734.233326 1.36502e-15
9735.663469 1.33575e-15
9737.093612 1.30648e-15
9738.523755 1.2772e-15
9739.953898 1.24791e-15
9741.384041 1.21861e-15
9742.814184 1.18931e-15
9744.244327 1.15999e-15
9745.67447 1.13067e-15
9747.104613 1.10134e-15
9748.534756 1.072e-15
9749.964899 1.04265e-15
9751.395042 1.01329e-15
9752.825185 9.83921e-16
9754.255328 9.54546e-16
9755.685471 9.25161e-16
9757.115614 8.95769e-16
9758.545757 8.66367e-16
9759.9759 8.36957e-16
9761.406043 8.07538e-16
9762.836186 7.7811e-16
9764.266329 7.48674e-16
9765.696472 7.19229e-16
9767.126615 6.89776e-16
9768.556758 6.60313e-16
9769.986901 6.30843e-16
9771.417044 6.01363e-16
9772.847187 5.71875e-16
9774.27733 5.42378e-16
9775.707473 5.12873e-16
9777.137616 4.83359e-16
9778.567759 4.53836e-16
9779.997902 4.24304e-16
9781.428045 3.94764e-16
9782.858188 3.65215e-16
9784.288331 3.35658e-16
9785.718474 3.06092e-16
9787.148617 2.76517e-16
9788.57876 2.46934e-16
9790.008903 2.17342e-16
9791.439046 1.87741e-16
9792.869189 1.58132e-16
9794.299332 1.28514e-16
9795.729475 9.88872e-17
9797.159618 6.92519e-17
9798.589761 3.96079e-17
9800.019904 9.95527e-18
9801.450047 1.23044e-30
9802.88019 1.20872e-30
9804.310333 1.187e-30
9805.740476 1.16527e-30
9807.170619 1.14353e-30
9808.600762 1.12179e-30
9810.030905 1.10004e-30
9811.461048 1.07829e-30
9812.891191 1.05653e-30
9814.321334 1.03476e-30
9815.751477 1.01299e-30
9817.18162 9.91205e-31
9818.611763 9.69419e-31
9820.041906 9.47625e-31
9821.472049 9.25826e-31
9822.902192 9.0402e-31
9824.332335 8.82208e-31
9825.762478 8.60389e-31
9827.192621 8.38564e-31
9828.622764 8.16732e-31
9830.052907 7.94894e-31
9831.48305 7.7305e-31
9832.913193 7.512e-31
9834.343336 7.29342e-31
9835.773479 7.07479e-31
9837.203622 6.85609e-31
9838.633765 6.63733e-31
9840.063908 6.4185e-31
9841.494051 6.19961e-31
9842.924194 5.98066e-31
9844.354337 5.76164e-31
9845.78448 5.54256e-31
9847.214623 5.32342e-31
9848.644766 5.10421e-31
9850.074909 4.88493e-31
9851.505052 4.6656e-31
9852.935195 4.4462e-31
9854.365338 4.22673e-31
9855.795481 4.0072e-31
9857.225624 3.78761e-31
9858.655767 3.56795e-31
9860.08591 3.34823e-31
9861.516053 3.12845e-31
9862.946196 2.9086e-31
9864.376339 2.68869e-31
9865.806482 2.46871e-31
9867.236625 2.24867e-31
9868.666768 2.02857e-31
9870.096911 1.8084e-31
9871.527054 1.58817e-31
9872.957197 1.36787e-31
9874.38734 1.14752e-31
9875.817483 9.27092e-32
9877.247626 7.06605e-32
9878.677769 4.86054e-32
9880.107912 2.6544e-32
9881.538055 4.47608e-33
9882.968198 1.30889e-36
9884.398341 2.95118e-36
9885.828484 4.59394e-36
9887.258627 6.23718e-36
9888.68877 7.88089e-36
9890.118913 9.52507e-36
9891.549056 1.11697e-35
9892.979199 1.28149e-35
9894.409342 1.44605e-35
9895.839485 1.61066e-35
9897.269628 1.77531e-35
9898.699771 1.94002e-35
9900.129914 2.10477e-35
9901.560057 2.26957e-35
9902.9902 2.43441e-35
9904.420343 2.59931e-35
9905.850486 2.76425e-35
9907.280629 2.92924e-35
9908.710772 3.09427e-35
9910.140915 3.25936e-35
9911.571058 3.42449e-35
9913.001201 3.58967e-35
9914.431344 3.75489e-35
9915.861487 3.92017e-35
9917.29163 4.08549e-35
9918.721773 4.25086e-35
9920.151916 4.41627e-35
9921.582059 4.58174e-35
9923.012202 4.74725e-35
9924.442345 4.91281e-35
9925.872488 5.07842e-35
9927.302631 5.24407e-35
9928.732774 5.40977e-35
9930.162917 5.57552e-35
9931.59306 5.74132e-35
9933.023203 5.90716e-35
9934.453346 6.07305e-35
9935.883489 6.23899e-35
9937.313632 6.40498e-35
9938.743775 6.57101e-35
9940.173918 6.73709e-35
9941.604061 6.90322e-35
9943.034204 7.0694e-35
9944.464347 7.23562e-35
9945.89449 7.4019e-35
9947.324633 7.56822e-35
9948.754776 7.73458e-35
9950.184919 7.901e-35
9951.615062 8.06746e-35
9953.045205 8.23397e-35
9954.475348 8.40052e-35
9955.905491 8.56713e-35
9957.335634 8.73378e-35
9958.765777 8.90048e-35
9960.19592 9.06723e-35
9961.626063 9.23402e-35
9963.056206 9.40086e-35
9964.486349 5.76186e-16
9965.916492 1.19587e-15
9967.346635 1.81572e-15
9968.776778 2.43576e-15
9970.206921 3.05597e-15
9971.637064 3.67636e-15
9973.067207 4.29693e-15
9974.49735 4.91768e-15
9975.927493 5.5386e-15
9977.357636 6.1597e-15
9978.787779 6.78098e-15
9980.217922 7.40244e-15
9981.648065 8.02408e-15
9983.078208 8.64589e-15
9984.508351 9.26788e-15
9985.938494 9.89005e-15
9987.368637 1.05124e-14
9988.79878 1.11349e-14
9990.228923 1.17576e-14
9991.659066 1.23805e-14
9993.089209 1.30036e-14
9994.519352 1.36268e-14
9995.949495 1.42502e-14
9997.379638 1.48738e-14
9998.809781 1.54976e-14
10000.239924 1.61215e-14
10001.70007 1.67456e-14
10003.10021 1.737e-14
10004.50035 1.79944e-14
10006.0005 1.86191e-14
10007.40064 1.92439e-14
10008.80078 1.98689e-14
10010.20092 2.04941e-14
10011.70107 2.11195e-14
10013.10121 2.17451e-14
10014.50135 2.23708e-14
10016.0015 2.29967e-14
10017.40164 2.36228e-14
10018.80178 2.4249e-14
10020.30193 2.48755e-14
10021.70207 2.55021e-14
10023.10221 2.61289e-14
10024.60236 2.67558e-14
10026.0025 2.7383e-14
10027.40264 2.80103e-14
10028.80278 2.86378e-14
10030.30293 2.92655e-14
10031.70307 2.98934e-14
10033.10321 3.05214e-14
10034.60336 3.11496e-14
10036.0035 3.1778e-14
10037.40364 3.24066e-14
10038.80378 3.30353e-14
10040.30393 3.36643e-14
10041.70407 3.42934e-14
10043.10421 3.49226e-14
10044.60436 1.37875e-13
10046.0045 2.22912e-12
10047.40464 4.32097e-12
10048.90479 6.41341e-12
10050.30493 8.50644e-12
10051.70507 1.06001e-11
10053.10521 1.26943e-11
10054.60536 1.47891e-11
10056.0055 1.68845e-11
10057.40564 1.89805e-11
10058.90579 2.10771e-11
10060.30593 2.31744e-11
10061.70607 2.52721e-11
10063.20622 2.73705e-11
10064.60636 2.94695e-11
10066.0065 3.15691e-11
10067.40664 3.36693e-11
10068.90679 3.57701e-11
10070.30693 3.78714e-11
10071.70707 3.99734e-11
10073.20722 4.2076e-11
10074.60736 4.41791e-11
10076.0075 4.62829e-11
10077.50765 4.83872e-11
10078.90779 5.04922e-11
10080.30793 5.25977e-11
10081.80808 5.47038e-11
10083.20822 5.68106e-11
10084.60836 5.89179e-11
10086.0085 6.10258e-11
10087.50865 6.31343e-11
10088.90879 6.52434e-11
10090.30893 6.73531e-11
10091.80908 6.94634e-11
10093.20922 7.15743e-11
10094.60936 7.36858e-11
10096.0095 7.57979e-11
10097.50965 7.79106e-11
10098.90979 8.00239e-11
10100.30993 8.21378e-11
10101.81008 8.42522e-11
10103.21022 8.63673e-11
10104.61036 8.84829e-11
10106.11051 9.05992e-11
10107.51065 9.27161e-11
10108.91079 9.48335e-11
10110.31093 9.69515e-11
10111.81108 9.90702e-11
10113.21122 1.01189e-10
10114.61136 1.03309e-10
10116.11151 1.0543e-10
10117.51165 1.07551e-10
10118.91179 1.09672e-10
10120.41194 1.11795e-10
10121.81208 1.13917e-10
10123.21222 1.16041e-10
10124.71237 1.18165e-10
10126.11251 1.25846e-10
10127.51265 1.56354e-10
10128.91279 1.8687e-10
10130.41294 2.17395e-10
10131.81308 2.47929e-10
10133.21322 2.78471e-10
10134.71337 3.09022e-10
10136.11351 3.39581e-10
10137.51365 3.70149e-10
10138.91379 4.00726e-10
10140.41394 4.31311e-10
10141.81408 4.61905e-10
10143.21422 4.92508e-10
10144.71437 5.23119e-10
10146.11451 5.53739e-10
10147.51465 5.84367e-10
10149.0148 6.15004e-10
10150.41494 6.4565e-10
10151.81508 6.76304e-10
10153.31523 7.06967e-10
10154.71537 7.37638e-10
10156.11551 7.68318e-10
10157.51565 7.99007e-10
10159.0158 8.29704e-10
10160.41594 8.6041e-10
10161.81608 8.91124e-10
10163.31623 9.21847e-10
10164.71637 9.52579e-10
10166.11651 9.83319e-10
10167.51665 1.01407e-09
10169.0168 1.04483e-09
10170.41694 1.07559e-09
10171.81708 1.10637e-09
10173.31723 1.13715e-09
10174.71737 1.16794e-09
10176.11751 1.19874e-09
10177.61766 1.22955e-09
10179.0178 1.26037e-09
10180.41794 1.2912e-09
10181.91809 1.32203e-09
10183.31823 1.35287e-09
10184.71837 1.38373e-09
10186.11851 1.41459e-09
10187.61866 1.44546e-09
10189.0188 1.47634e-09
10190.41894 1.50722e-09
10191.91909 1.53812e-09
10193.31923 1.56902e-09
10194.71937 1.59993e-09
10196.11951 1.63086e-09
10197.61966 1.66178e-09
10199.0198 1.69272e-09
10200.41994 1.72367e-09
10201.92009 1.75463e-09
10203.32023 1.78559e-09
10204.72037 1.81656e-09
10206.22052 1.84754e-09
10207.62066 1.89636e-09
10209.0208 1.97938e-09
10210.42094 2.06243e-09
10211.92109 2.1455e-09
10213.32123 2.2286e-09
10214.72137 2.31171e-09
10216.22152 2.39485e-09
10217.62166 2.47802e-09
10219.0218 2.56121e-09
10220.52195 2.64442e-09
10221.92209 2.72765e-09
10223.32223 2.81091e-09
10224.82238 2.89419e-09
10226.22252 2.97749e-09
10227.62266 3.06082e-09
10229.0228 3.14417e-09
10230.52295 3.22754e-09
10231.92309 3.31093e-09
10233.32323 3.39435e-09
10234.82338 3.4778e-09
10236.22352 3.56126e-09
10237.62366 3.64475e-09
10239.0238 3.72826e-09
10240.52395 3.8118e-09
10241.92409 3.89535e-09
10243.32423 3.97894e-09
10244.82438 4.06254e-09
10246.22452 4.14617e-09
10247.62466 4.22982e-09
10249.12481 4.31349e-09
10250.52495 4.39719e-09
10251.92509 4.48091e-09
10253.32523 4.56465e-09
10254.82538 4.64842e-09
10256.22552 4.73221e-09
10257.62566 4.81602e-09
10259.12581 4.89986e-09
10260.52595 4.98372e-09
10261.92609 5.0676e-09
10263.42624 5.15151e-09
10264.82638 5.23544e-09
10266.22652 5.31939e-09
10267.62666 5.40337e-09
10269.12681 5.48736e-09
10270.52695 5.57139e-09
10271.92709 5.65543e-09
10273.42724 5.7395e-09
10274.82738 5.82359e-09
10276.22752 5.90771e-09
10277.72767 5.99184e-09
10279.12781 6.076e-09
10280.52795 6.16019e-09
10282.0281 6.2444e-09
10283.42824 6.32863e-09
10284.82838 6.41288e-09
10286.22852 6.49716e-09
10287.72867 6.58146e-09
10289.12881 6.68339e-09
10290.52895 6.80971e-09
10292.0291 6.93607e-09
10293.42924 7.06247e-09
10294.82938 7.18889e-09
10296.32953 7.31536e-09
10297.72967 7.44186e-09
10299.12981 7.56839e-09
10300.52995 7.69496e-09
10302.0301 7.82156e-09
10303.43024 7.9482e-09
10304.83038 8.07487e-09
10306.33053 8.20158e-09
10307.73067 8.32832e-09
10309.13081 8.4551e-09
10310.53095 8.58191e-09
10312.0311 8.70875e-09
10313.43124 8.83564e-09
10314.83138 8.96255e-09
10316.33153 9.0895e-09
10317.73167 9.21649e-09
10319.13181 9.34351e-09
10320.63196 9.47057e-09
10322.0321 9.59766e-09
10323.43224 9.72478e-09
10324.83238 9.85194e-09
10326.33253 9.97914e-09
10327.73267 1.01064e-08
10329.13281 1.02336e-08
10330.63296 1.03609e-08
10332.0331 1.04883e-08
10333.43324 1.06156e-08
10334.93339 1.0743e-08
10336.33353 1.08705e-08
10337.73367 1.0998e-08
10339.23382 1.11255e-08
10340.63396 1.1253e-08
10342.0341 1.13806e-08
10343.43424 1.15082e-08
10344.93439 1.16358e-08
10346.33453 1.17635e-08
10347.73467 1.18912e-08
10349.23482 1.2019e-08
10350.63496 1.21468e-08
10352.0351 1.22746e-08
10353.43524 1.24025e-08
10354.93539 1.25304e-08
10356.33553 1.26583e-08
10357.73567 1.27862e-08
10359.23582 1.29142e-08
10360.63596 1.30423e-08
10362.0361 1.31703e-08
10363.53625 1.32984e-08
10364.93639 1.34266e-08
10366.33653 1.35548e-08
10367.73667 1.3683e-08
10369.23682 1.38112e-08
10370.63696 1.39369e-08
10372.0371 1.40607e-08
10373.53725 1.41845e-08
10374.93739 1.43084e-08
10376.33753 1.44323e-08
10377.83768 1.45562e-08
10379.23782 1.46801e-08
10380.63796 1.48041e-08
10382.13811 1.49282e-08
10383.53825 1.50522e-08
10384.93839 1.51763e-08
10386.33853 1.53004e-08
10387.83868 1.54246e-08
10389.23882 1.55488e-08
10390.63896 1.5673e-08
10392.13911 1.57973e-08
10393.53925 1.59215e-08
10394.93939 1.60459e-08
10396.33953 1.61702e-08
10397.83968 1.62946e-08
10399.23982 1.6419e-08
10400.63996 1.65435e-08
10402.14011 1.6668e-08
10403.54025 1.67925e-08
10404.94039 1.69171e-08
10406.44054 1.70417e-08
10407.84068 1.71663e-08
10409.24082 1.7291e-08
10410.64096 1.74157e-08
10412.14111 1.75404e-08
10413.54125 1.76651e-08
10414.94139 1.77899e-08
10416.44154 1.79148e-08
10417.84168 1.80396e-08
10419.24182 1.81645e-08
10420.74197 1.82895e-08
10422.14211 1.84144e-08
10423.54225 1.85394e-08
10424.94239 1.86645e-08
10426.44254 1.87895e-08
10427.84268 1.89146e-08
10429.24282 1.90397e-08
10430.74297 1.91649e-08
10432.14311 1.92901e-08
10433.54325 1.94153e-08
10435.0434 1.95406e-08
10436.44354 1.96659e-08
10437.84368 1.97912e-08
10439.34383 1.99166e-08
10440.74397 2.0042e-08
10442.14411 2.01674e-08
10443.54425 2.02929e-08
10445.0444 2.04184e-08
10446.44454 2.05439e-08
10447.84468 2.06695e-08
10449.34483 2.07951e-08
10450.74497 2.09207e-08
10452.14511 2.09972e-08
10453.54525 2.10539e-08
10455.0454 2.11107e-08
10456.44554 2.11674e-08
10457.84568 2.12242e-08
10459.34583 2.1281e-08
10460.74597 2.13378e-08
10462.14611 2.13946e-08
10463.64626 2.14514e-08
10465.0464 2.15082e-08
10466.44654 2.15651e-08
10467.84668 2.16219e-08
10469.34683 2.16788e-08
10470.74697 2.17357e-08
10472.14711 2.17926e-08
10473.64726 2.18496e-08
10475.0474 2.19065e-08
10476.44754 2.19634e-08
10477.94769 2.20204e-08
10479.34783 2.20774e-08
10480.74797 2.21344e-08
10482.24812 2.21914e-08
10483.64826 2.22484e-08
10485.0484 2.23055e-08
10486.44854 2.23625e-08
10487.94869 2.24196e-08
10489.34883 2.24767e-08
10490.74897 2.25338e-08
10492.24912 2.25909e-08
10493.64926 2.2648e-08
10495.0494 2.27052e-08
10496.54955 2.27624e-08
10497.94969 2.28195e-08
10499.34983 2.28767e-08
10500.74997 2.29339e-08
10502.25012 2.29911e-08
10503.65026 2.30484e-08
10505.0504 2.31056e-08
10506.55055 2.31629e-08
10507.95069 2.32202e-08
10509.35083 2.32775e-08
10510.75097 2.33348e-08
10512.25112 2.33921e-08
10513.65126 2.34494e-08
10515.0514 2.35068e-08
10516.55155 2.35641e-08
10517.95169 2.36215e-08
10519.35183 2.36789e-08
10520.85198 2.37363e-08
10522.25212 2.37938e-08
10523.65226 2.38512e-08
10525.0524 2.39087e-08
10526.55255 2.39661e-08
10527.95269 2.40236e-08
10529.35283 2.40811e-08
10530.85298 2.41386e-08
10532.25312 2.41962e-08
10533.65326 2.42818e-08
10535.15341 2.43721e-08
10536.55355 2.44624e-08
10537.95369 2.45527e-08
10539.45384 2.4643e-08
10540.85398 2.47334e-08
10542.25412 2.48238e-08
10543.65426 2.49142e-08
10545.15441 2.50046e-08
10546.55455 2.5095e-08
10547.95469 2.51855e-08
10549.45484 2.5276e-08
10550.85498 2.53665e-08
10552.25512 2.54571e-08
10553.65526 2.55477e-08
10555.15541 2.56383e-08
10556.55555 2.57289e-08
10557.95569 2.58195e-08
10559.45584 2.59102e-08
10560.85598 2.60009e-08
10562.25612 2.60916e-08
10563.75627 2.61823e-08
10565.15641 2.62731e-08
10566.55655 2.63639e-08
10567.95669 2.64547e-08
10569.45684 2.65455e-08
10570.85698 2.66364e-08
10572.25712 2.67272e-08
10573.75727 2.68181e-08
10575.15741 2.69091e-08
10576.55755 2.7e-08
10578.0577 2.7091e-08
10579.45784 2.7182e-08
10580.85798 2.7273e-08
10582.25812 2.7364e-08
10583.75827 2.74551e-08
10585.15841 2.75462e-08
10586.55855 2.76373e-08
10588.0587 2.77284e-08
10589.45884 2.78196e-08
10590.85898 2.79108e-08
10592.35913 2.8002e-08
10593.75927 2.80932e-08
10595.15941 2.81845e-08
10596.55955 2.82758e-08
10598.0597 2.83671e-08
10599.45984 2.84584e-08
10600.85998 2.85497e-08
10602.36013 2.86411e-08
10603.76027 2.87325e-08
10605.16041 2.88239e-08
10606.66056 2.89154e-08
10608.0607 2.90068e-08
10609.46084 2.90983e-08
10610.86098 2.91898e-08
10612.36113 2.92814e-08
10613.76127 2.93729e-08
10615.16141 2.95001e-08
10616.66156 2.96298e-08
10618.0617 2.97594e-08
10619.46184 2.98891e-08
10620.96199 3.00188e-08
10622.36213 3.01486e-08
10623.76227 3.02784e-08
10625.16241 3.04082e-08
10626.66256 3.05381e-08
10628.0627 3.0668e-08
10629.46284 3.07979e-08
10630.96299 3.09278e-08
10632.36313 3.10578e-08
10633.76327 3.11879e-08
10635.26342 3.13179e-08
10636.66356 3.1448e-08
10638.0637 3.15781e-08
10639.56385 3.17083e-08
10640.96399 3.18385e-08
10642.36413 3.19687e-08
10643.76427 3.2099e-08
10645.26442 3.22293e-08
10646.66456 3.23596e-08
10648.0647 3.249e-08
10649.56485 3.26204e-08
10650.96499 3.27508e-08
10652.36513 3.28813e-08
10653.86528 3.30118e-08
10655.26542 3.31423e-08
10656.66556 3.32729e-08
10658.0657 3.34035e-08
10659.56585 3.35341e-08
10660.96599 3.36648e-08
10662.36613 3.37955e-08
10663.86628 3.39263e-08
10665.26642 3.4057e-08
10666.66656 3.41878e-08
10668.0667 3.43187e-08
10669.56685 3.44495e-08
10670.96699 3.45805e-08
10672.36713 3.47114e-08
10673.86728 3.48424e-08
10675.26742 3.49734e-08
10676.66756 3.51044e-08
10678.16771 3.52355e-08
10679.56785 3.53666e-08
10680.96799 3.54978e-08
10682.36813 3.56289e-08
10683.86828 3.57601e-08
10685.26842 3.58914e-08
10686.66856 3.60227e-08
10688.16871 3.6154e-08
10689.56885 3.62853e-08
10690.96899 3.64167e-08
10692.46914 3.65481e-08
10693.86928 3.66796e-08
10695.26942 3.68028e-08
10696.76957 3.68364e-08
10698.16971 3.68699e-08
10699.56985 3.69035e-08
10700.96999 3.6937e-08
10702.47014 3.69706e-08
10703.87028 3.70042e-08
10705.27042 3.70377e-08
10706.77057 3.70713e-08
10708.17071 3.71049e-08
10709.57085 3.71385e-08
10710.97099 3.71721e-08
10712.47114 3.72058e-08
10713.87128 3.72394e-08
10715.27142 3.7273e-08
10716.77157 3.73067e-08
10718.17171 3.73403e-08
10719.57185 3.7374e-08
10721.072 3.74076e-08
10722.47214 3.74413e-08
10723.87228 3.7475e-08
10725.27242 3.75087e-08
10726.77257 3.75424e-08
10728.17271 3.75761e-08
10729.57285 3.76098e-08
10731.073 3.76435e-08
10732.47314 3.76772e-08
10733.87328 3.77109e-08
10735.37343 3.77447e-08
10736.77357 3.77784e-08
10738.17371 3.78122e-08
10739.67386 3.7846e-08
10741.074 3.78797e-08
10742.47414 3.79135e-08
10743.87428 3.79473e-08
10745.37443 3.79811e-08
10746.77457 3.80149e-08
10748.17471 3.80487e-08
10749.67486 3.80825e-08
10751.075 3.81163e-08
10752.47514 3.81502e-08
10753.87528 3.8184e-08
10755.37543 3.82179e-08
10756.77557 3.82517e-08
10758.17571 3.82856e-08
10759.67586 3.83194e-08
10761.076 3.83533e-08
10762.47614 3.83872e-08
10763.97629 3.84211e-08
10765.37643 3.8455e-08
10766.77657 3.84889e-08
10768.17671 3.85228e-08
10769.67686 3.85568e-08
10771.077 3.85907e-08
10772.47714 3.86246e-08
10773.97729 3.86586e-08
10775.37743 3.86925e-08
10776.77757 3.87234e-08
10778.27772 3.87442e-08
10779.67786 3.8765e-08
10781.078 3.87858e-08
10782.47814 3.88065e-08
10783.97829 3.88273e-08
10785.37843 3.88481e-08
10786.77857 3.88689e-08
10788.27872 3.88897e-08
10789.67886 3.89105e-08
11000.0 4.0e-08
11350.0 4.0e-08

