790 3.04103e-10
790.143 3.07106e-10
790.286 3.10111e-10
790.429 3.13118e-10
790.572 3.16125e-10
790.715 3.19133e-10
790.858 3.22142e-10
791.001 3.25152e-10
791.144 3.28164e-10
791.287 3.31176e-10
791.43 3.3419e-10
791.573 3.37204e-10
791.716 3.4022e-10
791.859 3.43237e-10
792.002 3.46254e-10
792.145 3.49273e-10
792.288 3.52293e-10
792.431 3.55314e-10
792.574 3.58336e-10
792.717 3.61359e-10
792.86 3.64384e-10
793.003 3.67703e-10
793.146 3.71168e-10
793.289 3.74634e-10
793.432 3.78102e-10
793.575 3.8157e-10
793.718 3.8504e-10
793.861 3.88511e-10
794.004 3.91983e-10
794.147 3.95457e-10
794.29 3.98931e-10
794.433 4.02407e-10
794.576 4.05884e-10
794.719 4.09363e-10
794.862 4.12842e-10
795.005 4.16323e-10
795.148 4.19805e-10
795.291 4.23288e-10
795.434 4.26773e-10
795.577 4.30259e-10
795.72 4.33745e-10
795.863 4.37234e-10
796.006 4.40723e-10
796.149 4.44214e-10
796.292 4.47705e-10
796.435 4.51199e-10
796.578 4.54693e-10
796.721 4.58188e-10
796.864 4.61685e-10
797.007 4.65183e-10
797.15 4.68682e-10
797.293 4.72183e-10
797.436 4.75684e-10
797.579 4.79187e-10
797.722 4.82691e-10
797.865 4.86197e-10
798.008 4.89703e-10
798.151 4.93211e-10
798.294 4.9672e-10
798.437 5.0023e-10
798.58 5.03742e-10
798.723 5.07254e-10
798.866 5.10768e-10
799.009 5.14283e-10
799.152 5.178e-10
799.295 5.21317e-10
799.438 5.24836e-10
799.581 5.28356e-10
799.724 5.31877e-10
799.867 5.354e-10
800.01 5.38923e-10
800.153 5.42448e-10
800.296 5.45975e-10
800.439 5.49502e-10
800.582 5.53031e-10
800.725 5.5656e-10
800.868 5.60091e-10
801.011 5.63624e-10
801.154 5.62811e-10
801.297 5.60939e-10
801.44 5.59067e-10
801.583 5.57194e-10
801.726 5.55321e-10
801.869 5.53447e-10
802.012 5.51572e-10
802.155 5.49696e-10
802.298 5.4782e-10
802.441 5.45942e-10
802.584 5.44065e-10
802.727 5.42186e-10
802.87 5.40307e-10
803.013 5.38427e-10
803.156 5.36546e-10
803.299 5.34665e-10
803.442 5.32783e-10
803.585 5.309e-10
803.728 5.29017e-10
803.871 5.27133e-10
804.014 5.25248e-10
804.157 5.23362e-10
804.3 5.21476e-10
804.443 5.19589e-10
804.586 5.17701e-10
804.729 5.15813e-10
804.872 5.13924e-10
805.015 5.12034e-10
805.158 5.10144e-10
805.301 5.08253e-10
805.444 5.06361e-10
805.587 5.04468e-10
805.73 5.02575e-10
805.873 5.00681e-10
806.016 4.98786e-10
806.159 4.96891e-10
806.302 4.94995e-10
806.445 4.93098e-10
806.588 4.912e-10
806.731 4.89302e-10
806.874 4.87403e-10
807.017 4.85504e-10
807.16 4.83603e-10
807.303 4.81702e-10
807.446 4.79801e-10
807.589 4.77898e-10
807.732 4.75995e-10
807.875 4.74091e-10
808.018 4.72187e-10
808.161 4.70281e-10
808.304 4.68375e-10
808.447 4.66469e-10
808.59 4.64561e-10
808.733 4.62653e-10
808.876 4.60745e-10
809.019 4.58835e-10
809.162 4.56925e-10
809.305 4.5694e-10
809.448 4.57099e-10
809.591 4.57258e-10
809.734 4.57418e-10
809.877 4.57578e-10
810.02 4.57737e-10
810.163 4.57897e-10
810.306 4.58056e-10
810.449 4.58216e-10
810.592 4.58376e-10
810.735 4.58535e-10
810.878 4.58695e-10
811.021 4.58855e-10
811.164 4.59014e-10
811.307 4.59174e-10
811.45 4.59334e-10
811.593 4.59494e-10
811.736 4.59654e-10
811.879 4.59814e-10
812.022 4.59974e-10
812.165 4.60134e-10
812.308 4.60294e-10
812.451 4.60454e-10
812.594 4.60614e-10
812.737 4.60774e-10
812.88 4.60934e-10
813.023 4.61094e-10
813.166 4.61254e-10
813.309 4.61414e-10
813.452 4.61575e-10
813.595 4.61735e-10
813.738 4.61895e-10
813.881 4.62055e-10
814.024 4.62216e-10
814.167 4.62376e-10
814.31 4.62536e-10
814.453 4.62697e-10
814.596 4.62857e-10
814.739 4.63018e-10
814.882 4.63178e-10
815.025 4.63339e-10
815.168 4.63499e-10
815.311 4.6366e-10
815.454 4.63821e-10
815.597 4.63981e-10
815.74 4.64142e-10
815.883 4.64302e-10
816.026 4.64463e-10
816.169 4.64624e-10
816.312 4.64785e-10
816.455 4.64946e-10
816.598 4.65106e-10
816.741 4.65267e-10
816.884 4.65428e-10
817.027 4.65589e-10
817.17 4.6575e-10
817.313 4.65834e-10
817.456 4.64777e-10
817.599 4.63718e-10
817.742 4.6266e-10
817.885 4.61601e-10
818.028 4.60542e-10
818.171 4.59482e-10
818.314 4.58422e-10
818.457 4.57362e-10
818.6 4.56301e-10
818.743 4.55239e-10
818.886 4.54178e-10
819.029 4.53116e-10
819.172 4.52053e-10
819.315 4.5099e-10
819.458 4.49927e-10
819.601 4.48863e-10
819.744 4.47799e-10
819.887 4.46735e-10
820.03 4.4567e-10
820.173 4.44605e-10
820.316 4.43539e-10
820.459 4.42473e-10
820.602 4.41406e-10
820.745 4.4034e-10
820.888 4.39272e-10
821.031 4.38205e-10
821.174 4.37137e-10
821.317 4.36068e-10
821.46 4.34999e-10
821.603 4.3393e-10
821.746 4.3286e-10
821.889 4.3179e-10
822.032 4.3072e-10
822.175 4.29649e-10
822.318 4.28578e-10
822.461 4.27506e-10
822.604 4.26434e-10
822.747 4.25362e-10
822.89 4.24289e-10
823.033 4.23216e-10
823.176 4.22142e-10
823.319 4.21068e-10
823.462 4.19994e-10
823.605 4.18919e-10
823.748 4.17844e-10
823.891 4.16768e-10
824.034 4.15692e-10
824.177 4.14615e-10
824.32 4.13539e-10
824.463 4.12461e-10
824.606 4.11384e-10
824.749 4.10306e-10
824.892 4.09227e-10
825.035 4.08149e-10
825.178 4.07069e-10
825.321 4.0599e-10
825.464 4.0462e-10
825.607 4.02008e-10
825.75 3.99394e-10
825.893 3.96779e-10
826.036 3.94164e-10
826.179 3.91547e-10
826.322 3.8893e-10
826.465 3.86312e-10
826.608 3.83693e-10
826.751 3.81072e-10
826.894 3.78451e-10
827.037 3.75829e-10
827.18 3.73206e-10
827.323 3.70582e-10
827.466 3.67958e-10
827.609 3.65332e-10
827.752 3.62705e-10
827.895 3.60077e-10
828.038 3.57449e-10
828.181 3.54819e-10
828.324 3.52189e-10
828.467 3.49558e-10
828.61 3.46925e-10
828.753 3.44292e-10
828.896 3.41658e-10
829.039 3.39023e-10
829.182 3.36387e-10
829.325 3.3375e-10
829.468 3.31112e-10
829.611 3.28474e-10
829.754 3.25834e-10
829.897 3.23193e-10
830.04 3.20552e-10
830.183 3.17909e-10
830.326 3.15266e-10
830.469 3.12622e-10
830.612 3.09976e-10
830.755 3.0733e-10
830.898 3.04683e-10
831.041 3.02035e-10
831.184 2.99386e-10
831.327 2.96736e-10
831.47 2.94085e-10
831.613 2.91433e-10
831.756 2.88781e-10
831.899 2.86127e-10
832.042 2.83472e-10
832.185 2.80817e-10
832.328 2.78161e-10
832.471 2.75503e-10
832.614 2.72845e-10
832.757 2.70186e-10
832.9 2.67526e-10
833.043 2.64864e-10
833.186 2.62202e-10
833.329 2.5954e-10
833.472 2.56876e-10
833.615 2.70442e-10
833.758 3.18247e-10
833.901 3.66067e-10
834.044 4.13904e-10
834.187 4.61758e-10
834.33 5.09627e-10
834.473 5.57513e-10
834.616 6.05416e-10
834.759 6.53335e-10
834.902 7.0127e-10
835.045 7.49222e-10
835.188 7.9719e-10
835.331 8.45174e-10
835.474 8.93175e-10
835.617 9.41192e-10
835.76 9.89226e-10
835.903 1.03728e-09
836.046 1.08534e-09
836.189 1.13343e-09
836.332 1.18152e-09
836.475 1.22964e-09
836.618 1.27777e-09
836.761 1.32592e-09
836.904 1.37408e-09
837.047 1.42227e-09
837.19 1.47046e-09
837.333 1.51868e-09
837.476 1.56691e-09
837.619 1.61515e-09
837.762 1.66342e-09
837.905 1.7117e-09
838.048 1.75999e-09
838.191 1.8083e-09
838.334 1.85663e-09
838.477 1.90498e-09
838.62 1.95334e-09
838.763 2.00172e-09
838.906 2.05011e-09
839.049 2.09852e-09
839.192 2.14695e-09
839.335 2.19539e-09
839.478 2.24385e-09
839.621 2.29233e-09
839.764 2.34082e-09
839.907 2.38933e-09
840.05 2.43785e-09
840.193 2.48639e-09
840.336 2.53495e-09
840.479 2.58352e-09
840.622 2.63212e-09
840.765 2.68072e-09
840.908 2.72935e-09
841.051 2.77799e-09
841.194 2.82664e-09
841.337 2.87531e-09
841.48 2.924e-09
841.623 2.97271e-09
841.766 3.00238e-09
841.909 3.0092e-09
842.052 3.01602e-09
842.195 3.02285e-09
842.338 3.02968e-09
842.481 3.0365e-09
842.624 3.04333e-09
842.767 3.05017e-09
842.91 3.057e-09
843.053 3.06384e-09
843.196 3.07068e-09
843.339 3.07752e-09
843.482 3.08437e-09
843.625 3.09121e-09
843.768 3.09806e-09
843.911 3.10491e-09
844.054 3.11176e-09
844.197 3.11862e-09
844.34 3.12547e-09
844.483 3.13233e-09
844.626 3.13919e-09
844.769 3.14606e-09
844.912 3.15292e-09
845.055 3.15979e-09
845.198 3.16666e-09
845.341 3.17353e-09
845.484 3.18041e-09
845.627 3.18728e-09
845.77 3.19416e-09
845.913 3.20104e-09
846.056 3.20792e-09
846.199 3.21481e-09
846.342 3.22169e-09
846.485 3.22858e-09
846.628 3.23547e-09
846.771 3.24237e-09
846.914 3.24926e-09
847.057 3.25616e-09
847.2 3.26306e-09
847.343 3.26996e-09
847.486 3.27687e-09
847.629 3.28377e-09
847.772 3.29068e-09
847.915 3.29759e-09
848.058 3.3045e-09
848.201 3.31142e-09
848.344 3.31833e-09
848.487 3.32525e-09
848.63 3.33217e-09
848.773 3.3391e-09
848.916 3.34602e-09
849.059 3.35295e-09
849.202 3.35988e-09
849.345 3.36681e-09
849.488 3.37375e-09
849.631 3.38068e-09
849.774 3.38762e-09
849.917 3.38507e-09
850.06 3.37567e-09
850.203 3.36626e-09
850.346 3.35684e-09
850.489 3.34742e-09
850.632 3.338e-09
850.775 3.32858e-09
850.918 3.31915e-09
851.061 3.30972e-09
851.204 3.30029e-09
851.347 3.29085e-09
851.49 3.28141e-09
851.633 3.27197e-09
851.776 3.26252e-09
851.919 3.25307e-09
852.062 3.24361e-09
852.205 3.23416e-09
852.348 3.2247e-09
852.491 3.21523e-09
852.634 3.20576e-09
852.777 3.19629e-09
852.92 3.18682e-09
853.063 3.17734e-09
853.206 3.16786e-09
853.349 3.15838e-09
853.492 3.14889e-09
853.635 3.1394e-09
853.778 3.1299e-09
853.921 3.1204e-09
854.064 3.1109e-09
854.207 3.1014e-09
854.35 3.09189e-09
854.493 3.08238e-09
854.636 3.07287e-09
854.779 3.06335e-09
854.922 3.05383e-09
855.065 3.0443e-09
855.208 3.03477e-09
855.351 3.02524e-09
855.494 3.01571e-09
855.637 3.00617e-09
855.78 2.99663e-09
855.923 2.98708e-09
856.066 2.97754e-09
856.209 2.96798e-09
856.352 2.95843e-09
856.495 2.94887e-09
856.638 2.93931e-09
856.781 2.92974e-09
856.924 2.92018e-09
857.067 2.9106e-09
857.21 2.90103e-09
857.353 2.89145e-09
857.496 2.88187e-09
857.639 2.87228e-09
857.782 2.8627e-09
857.925 2.8531e-09
858.068 2.84153e-09
858.211 2.82916e-09
858.354 2.81679e-09
858.497 2.80441e-09
858.64 2.79203e-09
858.783 2.77965e-09
858.926 2.76725e-09
859.069 2.75486e-09
859.212 2.74246e-09
859.355 2.73006e-09
859.498 2.71765e-09
859.641 2.70524e-09
859.784 2.69282e-09
859.927 2.6804e-09
860.07 2.66798e-09
860.213 2.65555e-09
860.356 2.64311e-09
860.499 2.63068e-09
860.642 2.61824e-09
860.785 2.60579e-09
860.928 2.59334e-09
861.071 2.58088e-09
861.214 2.56842e-09
861.357 2.55596e-09
861.5 2.54349e-09
861.643 2.53102e-09
861.786 2.51855e-09
861.929 2.50607e-09
862.072 2.49358e-09
862.215 2.48109e-09
862.358 2.4686e-09
862.501 2.4561e-09
862.644 2.4436e-09
862.787 2.43109e-09
862.93 2.41858e-09
863.073 2.40607e-09
863.216 2.39355e-09
863.359 2.38103e-09
863.502 2.3685e-09
863.645 2.35597e-09
863.788 2.34343e-09
863.931 2.33089e-09
864.074 2.31835e-09
864.217 2.3058e-09
864.36 2.29324e-09
864.503 2.28069e-09
864.646 2.26813e-09
864.789 2.25556e-09
864.932 2.24299e-09
865.075 2.23041e-09
865.218 2.21784e-09
865.361 2.20525e-09
865.504 2.19267e-09
865.647 2.18007e-09
865.79 2.16748e-09
865.933 2.15488e-09
866.076 2.14227e-09
866.219 2.13835e-09
866.362 2.13599e-09
866.505 2.13364e-09
866.648 2.13129e-09
866.791 2.12894e-09
866.934 2.12658e-09
867.077 2.12423e-09
867.22 2.12187e-09
867.363 2.11951e-09
867.506 2.11715e-09
867.649 2.1148e-09
867.792 2.11244e-09
867.935 2.11007e-09
868.078 2.10771e-09
868.221 2.10535e-09
868.364 2.10299e-09
868.507 2.10062e-09
868.65 2.09826e-09
868.793 2.09589e-09
868.936 2.09352e-09
869.079 2.09116e-09
869.222 2.08879e-09
869.365 2.08642e-09
869.508 2.08405e-09
869.651 2.08168e-09
869.794 2.0793e-09
869.937 2.07693e-09
870.08 2.07456e-09
870.223 2.07218e-09
870.366 2.06981e-09
870.509 2.06743e-09
870.652 2.06505e-09
870.795 2.06267e-09
870.938 2.06029e-09
871.081 2.05791e-09
871.224 2.05553e-09
871.367 2.05315e-09
871.51 2.05077e-09
871.653 2.04838e-09
871.796 2.046e-09
871.939 2.04361e-09
872.082 2.04122e-09
872.225 2.03884e-09
872.368 2.03645e-09
872.511 2.03406e-09
872.654 2.03167e-09
872.797 2.02928e-09
872.94 2.02689e-09
873.083 2.02449e-09
873.226 2.0221e-09
873.369 2.0197e-09
873.512 2.01731e-09
873.655 2.01491e-09
873.798 2.01252e-09
873.941 2.01012e-09
874.084 2.00772e-09
874.227 2.00532e-09
874.37 1.99757e-09
874.513 1.98967e-09
874.656 1.98177e-09
874.799 1.97386e-09
874.942 1.96595e-09
875.085 1.95804e-09
875.228 1.95012e-09
875.371 1.9422e-09
875.514 1.93428e-09
875.657 1.92636e-09
875.8 1.91843e-09
875.943 1.9105e-09
876.086 1.90257e-09
876.229 1.89464e-09
876.372 1.8867e-09
876.515 1.87876e-09
876.658 1.87082e-09
876.801 1.86287e-09
876.944 1.85493e-09
877.087 1.84698e-09
877.23 1.83902e-09
877.373 1.83107e-09
877.516 1.82311e-09
877.659 1.81515e-09
877.802 1.80718e-09
877.945 1.79922e-09
878.088 1.79125e-09
878.231 1.78328e-09
878.374 1.7753e-09
878.517 1.76733e-09
878.66 1.75935e-09
878.803 1.75136e-09
878.946 1.74338e-09
879.089 1.73539e-09
879.232 1.7274e-09
879.375 1.71941e-09
879.518 1.71141e-09
879.661 1.70341e-09
879.804 1.69541e-09
879.947 1.6874e-09
880.09 1.6794e-09
880.233 1.67139e-09
880.376 1.66338e-09
880.519 1.65536e-09
880.662 1.64734e-09
880.805 1.63932e-09
880.948 1.6313e-09
881.091 1.62327e-09
881.234 1.61525e-09
881.377 1.60722e-09
881.52 1.59918e-09
881.663 1.59115e-09
881.806 1.58311e-09
881.949 1.57506e-09
882.092 1.56702e-09
882.235 1.55897e-09
882.378 1.55166e-09
882.521 1.55067e-09
882.664 1.54967e-09
882.807 1.54867e-09
882.95 1.54767e-09
883.093 1.54667e-09
883.236 1.54567e-09
883.379 1.54467e-09
883.522 1.54367e-09
883.665 1.54267e-09
883.808 1.54167e-09
883.951 1.54067e-09
884.094 1.53967e-09
884.237 1.53867e-09
884.38 1.53766e-09
884.523 1.53666e-09
884.666 1.53566e-09
884.809 1.53465e-09
884.952 1.53365e-09
885.095 1.53264e-09
885.238 1.53164e-09
885.381 1.53063e-09
885.524 1.52963e-09
885.667 1.52862e-09
885.81 1.52762e-09
885.953 1.52661e-09
886.096 1.5256e-09
886.239 1.52459e-09
886.382 1.52359e-09
886.525 1.52258e-09
886.668 1.52157e-09
886.811 1.52056e-09
886.954 1.51955e-09
887.097 1.51854e-09
887.24 1.51753e-09
887.383 1.51652e-09
887.526 1.51551e-09
887.669 1.51449e-09
887.812 1.51348e-09
887.955 1.51247e-09
888.098 1.51146e-09
888.241 1.51044e-09
888.384 1.50943e-09
888.527 1.50841e-09
888.67 1.5074e-09
888.813 1.50638e-09
888.956 1.50537e-09
889.099 1.50435e-09
889.242 1.50334e-09
889.385 1.50232e-09
889.528 1.5013e-09
889.671 1.50029e-09
889.814 1.49927e-09
889.957 1.49825e-09
890.1 1.49723e-09
890.243 1.49621e-09
890.386 1.49519e-09
890.529 1.49316e-09
890.672 1.48775e-09
890.815 1.48234e-09
890.958 1.47692e-09
891.101 1.47151e-09
891.244 1.46609e-09
891.387 1.46067e-09
891.53 1.45525e-09
891.673 1.44982e-09
891.816 1.4444e-09
891.959 1.43897e-09
892.102 1.43354e-09
892.245 1.42811e-09
892.388 1.42268e-09
892.531 1.41725e-09
892.674 1.41181e-09
892.817 1.40637e-09
892.96 1.40093e-09
893.103 1.39549e-09
893.246 1.39005e-09
893.389 1.3846e-09
893.532 1.37916e-09
893.675 1.37371e-09
893.818 1.36826e-09
893.961 1.3628e-09
894.104 1.35735e-09
894.247 1.35189e-09
894.39 1.34644e-09
894.533 1.34098e-09
894.676 1.33552e-09
894.819 1.33005e-09
894.962 1.32459e-09
895.105 1.31912e-09
895.248 1.31365e-09
895.391 1.30818e-09
895.534 1.30271e-09
895.677 1.29724e-09
895.82 1.29176e-09
895.963 1.28628e-09
896.106 1.2808e-09
896.249 1.27532e-09
896.392 1.26984e-09
896.535 1.26435e-09
896.678 1.25887e-09
896.821 1.25338e-09
896.964 1.24789e-09
897.107 1.2424e-09
897.25 1.2369e-09
897.393 1.23141e-09
897.536 1.22591e-09
897.679 1.22041e-09
897.822 1.21491e-09
897.965 1.2094e-09
898.108 1.2039e-09
898.251 1.19839e-09
898.394 1.19288e-09
898.537 1.18737e-09
898.68 1.18235e-09
898.823 1.17818e-09
898.966 1.174e-09
899.109 1.16983e-09
899.252 1.16565e-09
899.395 1.16147e-09
899.538 1.15729e-09
899.681 1.15311e-09
899.824 1.14893e-09
899.967 1.14474e-09
900.11 1.14056e-09
900.253 1.13637e-09
900.396 1.13218e-09
900.539 1.12799e-09
900.682 1.1238e-09
900.825 1.11961e-09
900.968 1.11541e-09
901.111 1.11122e-09
901.254 1.10702e-09
901.397 1.10282e-09
901.54 1.09862e-09
901.683 1.09442e-09
901.826 1.09022e-09
901.969 1.08602e-09
902.112 1.08181e-09
902.255 1.0776e-09
902.398 1.0734e-09
902.541 1.06919e-09
902.684 1.06498e-09
902.827 1.06076e-09
902.97 1.05655e-09
903.113 1.05234e-09
903.256 1.04812e-09
903.399 1.0439e-09
903.542 1.03968e-09
903.685 1.03546e-09
903.828 1.03124e-09
903.971 1.02702e-09
904.114 1.02279e-09
904.257 1.01857e-09
904.4 1.01434e-09
904.543 1.01011e-09
904.686 1.00588e-09
904.829 1.00165e-09
904.972 9.97418e-10
905.115 9.93183e-10
905.258 9.88948e-10
905.401 9.84711e-10
905.544 9.80472e-10
905.687 9.76233e-10
905.83 9.71991e-10
905.973 9.67749e-10
906.116 9.63505e-10
906.259 9.5926e-10
906.402 9.55013e-10
906.545 9.50765e-10
906.688 9.46515e-10
906.831 9.4179e-10
906.974 9.36582e-10
907.117 9.31372e-10
907.26 9.2616e-10
907.403 9.20947e-10
907.546 9.15732e-10
907.689 9.10515e-10
907.832 9.05297e-10
907.975 9.00077e-10
908.118 8.94855e-10
908.261 8.89631e-10
908.404 8.84406e-10
908.547 8.79179e-10
908.69 8.73951e-10
908.833 8.68721e-10
908.976 8.63489e-10
909.119 8.58255e-10
909.262 8.5302e-10
909.405 8.47783e-10
909.548 8.42544e-10
909.691 8.37304e-10
909.834 8.32062e-10
909.977 8.26818e-10
910.12 8.21573e-10
910.263 8.16325e-10
910.406 8.11077e-10
910.549 8.05826e-10
910.692 8.00574e-10
910.835 7.9532e-10
910.978 7.90065e-10
911.121 7.84807e-10
911.264 7.79548e-10
911.407 7.74288e-10
911.55 7.69025e-10
911.693 7.63761e-10
911.836 7.58496e-10
911.979 7.53228e-10
912.122 7.47959e-10
912.265 7.42688e-10
912.408 7.37416e-10
912.551 7.32142e-10
912.694 7.26866e-10
912.837 7.21589e-10
912.98 7.16309e-10
913.123 7.11028e-10
913.266 7.05746e-10
913.409 7.00462e-10
913.552 6.95176e-10
913.695 6.89888e-10
913.838 6.84599e-10
913.981 6.79308e-10
914.124 6.74015e-10
914.267 6.6872e-10
914.41 6.63424e-10
914.553 6.58127e-10
914.696 6.52827e-10
914.839 6.47526e-10
914.982 6.4463e-10
915.125 6.43194e-10
915.268 6.41757e-10
915.411 6.4032e-10
915.554 6.38882e-10
915.697 6.37444e-10
915.84 6.36005e-10
915.983 6.34566e-10
916.126 6.33126e-10
916.269 6.31686e-10
916.412 6.30246e-10
916.555 6.28805e-10
916.698 6.27363e-10
916.841 6.25921e-10
916.984 6.24478e-10
917.127 6.23035e-10
917.27 6.21592e-10
917.413 6.20148e-10
917.556 6.18704e-10
917.699 6.17259e-10
917.842 6.15813e-10
917.985 6.14367e-10
918.128 6.12921e-10
918.271 6.11474e-10
918.414 6.10027e-10
918.557 6.08579e-10
918.7 6.07131e-10
918.843 6.05682e-10
918.986 6.04233e-10
919.129 6.02783e-10
919.272 6.01333e-10
919.415 5.99882e-10
919.558 5.98431e-10
919.701 5.96979e-10
919.844 5.95527e-10
919.987 5.94075e-10
920.13 5.92621e-10
920.273 5.91168e-10
920.416 5.89714e-10
920.559 5.88259e-10
920.702 5.86804e-10
920.845 5.85349e-10
920.988 5.83893e-10
921.131 5.82436e-10
921.274 5.8098e-10
921.417 5.79522e-10
921.56 5.78064e-10
921.703 5.76606e-10
921.846 5.75147e-10
921.989 5.73688e-10
922.132 5.72228e-10
922.275 5.70768e-10
922.418 5.69307e-10
922.561 5.67846e-10
922.704 5.66384e-10
922.847 5.64922e-10
922.99 5.63459e-10
923.133 5.60578e-10
923.276 5.57238e-10
923.419 5.53896e-10
923.562 5.50553e-10
923.705 5.47209e-10
923.848 5.43865e-10
923.991 5.40519e-10
924.134 5.37171e-10
924.277 5.33823e-10
924.42 5.30474e-10
924.563 5.27124e-10
924.706 5.23773e-10
924.849 5.2042e-10
924.992 5.17067e-10
925.135 5.13712e-10
925.278 5.10357e-10
925.421 5.07e-10
925.564 5.03643e-10
925.707 5.00284e-10
925.85 4.96924e-10
925.993 4.93563e-10
926.136 4.90201e-10
926.279 4.86838e-10
926.422 4.83474e-10
926.565 4.80109e-10
926.708 4.76743e-10
926.851 4.73376e-10
926.994 4.70008e-10
927.137 4.66638e-10
927.28 4.63268e-10
927.423 4.59896e-10
927.566 4.56524e-10
927.709 4.5315e-10
927.852 4.49776e-10
927.995 4.464e-10
928.138 4.43023e-10
928.281 4.39645e-10
928.424 4.36266e-10
928.567 4.32886e-10
928.71 4.29505e-10
928.853 4.26123e-10
928.996 4.2274e-10
929.139 4.19356e-10
929.282 4.15971e-10
929.425 4.12584e-10
929.568 4.09197e-10
929.711 4.05809e-10
929.854 4.02419e-10
929.997 3.99029e-10
930.14 3.95637e-10
930.283 3.92244e-10
930.426 3.8885e-10
930.569 3.85456e-10
930.712 3.8206e-10
930.855 3.78663e-10
930.998 3.75265e-10
931.141 3.71866e-10
931.284 3.69148e-10
931.427 3.66516e-10
931.57 3.63884e-10
931.713 3.6125e-10
931.856 3.58616e-10
931.999 3.5598e-10
932.142 3.53344e-10
932.285 3.50707e-10
932.428 3.48069e-10
932.571 3.45431e-10
932.714 3.42791e-10
932.857 3.40151e-10
933 3.3751e-10
933.143 3.34868e-10
933.286 3.32225e-10
933.429 3.29582e-10
933.572 3.26937e-10
933.715 3.24292e-10
933.858 3.21646e-10
934.001 3.18999e-10
934.144 3.16352e-10
934.287 3.13703e-10
934.43 3.11054e-10
934.573 3.08404e-10
934.716 3.05753e-10
934.859 3.03101e-10
935.002 3.00448e-10
935.145 2.97795e-10
935.288 2.9514e-10
935.431 2.92485e-10
935.574 2.89829e-10
935.717 2.87172e-10
935.86 2.84515e-10
936.003 2.81856e-10
936.146 2.79197e-10
936.289 2.76537e-10
936.432 2.73876e-10
936.575 2.71215e-10
936.718 2.68552e-10
936.861 2.65889e-10
937.004 2.63224e-10
937.147 2.60559e-10
937.29 2.57894e-10
937.433 2.55227e-10
937.576 2.52559e-10
937.719 2.49891e-10
937.862 2.47222e-10
938.005 2.44552e-10
938.148 2.41881e-10
938.291 2.39209e-10
938.434 2.36537e-10
938.577 2.33864e-10
938.72 2.3119e-10
938.863 2.28515e-10
939.006 2.25839e-10
939.149 2.23162e-10
939.292 2.20493e-10
939.435 2.18392e-10
939.578 2.1629e-10
939.721 2.14188e-10
939.864 2.12085e-10
940.007 2.09981e-10
940.15 2.07877e-10
940.293 2.05772e-10
940.436 2.03667e-10
940.579 2.01561e-10
940.722 1.99454e-10
940.865 1.97346e-10
941.008 1.95238e-10
941.151 1.93129e-10
941.294 1.9102e-10
941.437 1.8891e-10
941.58 1.86799e-10
941.723 1.84688e-10
941.866 1.82575e-10
942.009 1.80463e-10
942.152 1.78349e-10
942.295 1.76235e-10
942.438 1.74121e-10
942.581 1.72005e-10
942.724 1.6989e-10
942.867 1.67773e-10
943.01 1.65656e-10
943.153 1.63538e-10
943.296 1.61419e-10
943.439 1.593e-10
943.582 1.5718e-10
943.725 1.5506e-10
943.868 1.52939e-10
944.011 1.50817e-10
944.154 1.48694e-10
944.297 1.46571e-10
944.44 1.44447e-10
944.583 1.42323e-10
944.726 1.40198e-10
944.869 1.38072e-10
945.012 1.35946e-10
945.155 1.33819e-10
945.298 1.31691e-10
945.441 1.29563e-10
945.584 1.27434e-10
945.727 1.25304e-10
945.87 1.23174e-10
946.013 1.21043e-10
946.156 1.18912e-10
946.299 1.1678e-10
946.442 1.14647e-10
946.585 1.12513e-10
946.728 1.10379e-10
946.871 1.08244e-10
947.014 1.06109e-10
947.157 1.03973e-10
947.3 1.01836e-10
947.443 9.98041e-11
947.586 9.83848e-11
947.729 9.69651e-11
947.872 9.55449e-11
948.015 9.41243e-11
948.158 9.27032e-11
948.301 9.12817e-11
948.444 8.98598e-11
948.587 8.84375e-11
948.73 8.70147e-11
948.873 8.55915e-11
949.016 8.41678e-11
949.159 8.27437e-11
949.302 8.13192e-11
949.445 7.98943e-11
949.588 7.84689e-11
949.731 7.70431e-11
949.874 7.56168e-11
950.017 7.41902e-11
950.16 7.27631e-11
950.303 7.13355e-11
950.446 6.99075e-11
950.589 6.84791e-11
950.732 6.70503e-11
950.875 6.5621e-11
951.018 6.41913e-11
951.161 6.27612e-11
951.304 6.13306e-11
951.447 5.98996e-11
951.59 5.84681e-11
951.733 5.70363e-11
951.876 5.5604e-11
952.019 5.41712e-11
952.162 5.27381e-11
952.305 5.13044e-11
952.448 4.98704e-11
952.591 4.84359e-11
952.734 4.7001e-11
952.877 4.55657e-11
953.02 4.41299e-11
953.163 4.26937e-11
953.306 4.12571e-11
953.449 3.982e-11
953.592 3.83825e-11
953.735 3.69446e-11
953.878 3.55062e-11
954.021 3.40674e-11
954.164 3.26282e-11
954.307 3.11885e-11
954.45 2.97484e-11
954.593 2.83079e-11
954.736 2.68669e-11
954.879 2.54255e-11
955.022 2.39837e-11
955.165 2.25414e-11
955.308 2.10987e-11
955.451 1.96556e-11
955.594 1.85267e-11
955.737 1.82365e-11
955.88 1.79462e-11
956.023 1.76558e-11
956.166 1.73654e-11
956.309 1.70748e-11
956.452 1.67842e-11
956.595 1.64934e-11
956.738 1.62026e-11
956.881 1.59117e-11
957.024 1.56208e-11
957.167 1.53297e-11
957.31 1.50385e-11
957.453 1.47473e-11
957.596 1.44559e-11
957.739 1.41645e-11
957.882 1.3873e-11
958.025 1.35814e-11
958.168 1.32897e-11
958.311 1.29979e-11
958.454 1.27061e-11
958.597 1.24141e-11
958.74 1.21221e-11
958.883 1.183e-11
959.026 1.15378e-11
959.169 1.12455e-11
959.312 1.09531e-11
959.455 1.06606e-11
959.598 1.0368e-11
959.741 1.00754e-11
959.884 9.78264e-12
960.027 9.48981e-12
960.17 9.1969e-12
960.313 8.9039e-12
960.456 8.61081e-12
960.599 8.31763e-12
960.742 8.02436e-12
960.885 7.73101e-12
961.028 7.43757e-12
961.171 7.14404e-12
961.314 6.85043e-12
961.457 6.55673e-12
961.6 6.26293e-12
961.743 5.96906e-12
961.886 5.67509e-12
962.029 5.38104e-12
962.172 5.08689e-12
962.315 4.79267e-12
962.458 4.49835e-12
962.601 4.20394e-12
962.744 3.90945e-12
962.887 3.61487e-12
963.03 3.3202e-12
963.173 3.02545e-12
963.316 2.73061e-12
963.459 2.43568e-12
963.602 2.14066e-12
963.745 1.95137e-12
963.888 1.91712e-12
964.031 1.88286e-12
964.174 1.8486e-12
964.317 1.81432e-12
964.46 1.78003e-12
964.603 1.74573e-12
964.746 1.71142e-12
964.889 1.6771e-12
965.032 1.64277e-12
965.175 1.60843e-12
965.318 1.57409e-12
965.461 1.53973e-12
965.604 1.50536e-12
965.747 1.47097e-12
965.89 1.43658e-12
966.033 1.40218e-12
966.176 1.36777e-12
966.319 1.33335e-12
966.462 1.29892e-12
966.605 1.26448e-12
966.748 1.23002e-12
966.891 1.19556e-12
967.034 1.16109e-12
967.177 1.12661e-12
967.32 1.09211e-12
967.463 1.05761e-12
967.606 1.0231e-12
967.749 9.88573e-13
967.892 9.54038e-13
968.035 9.19494e-13
968.178 8.84939e-13
968.321 8.50375e-13
968.464 8.15799e-13
968.607 7.81214e-13
968.75 7.46618e-13
968.893 7.12012e-13
969.036 6.77396e-13
969.179 6.4277e-13
969.322 6.08133e-13
969.465 5.73486e-13
969.608 5.38829e-13
969.751 5.04162e-13
969.894 4.69484e-13
970.037 4.34797e-13
970.18 4.00098e-13
970.323 3.6539e-13
970.466 3.30671e-13
970.609 2.95943e-13
970.752 2.61204e-13
970.895 2.26454e-13
971.038 1.91695e-13
971.181 1.56925e-13
971.324 1.22145e-13
971.467 8.73543e-14
971.61 5.25537e-14
971.753 1.77429e-14
971.896 1.65717e-15
972.039 1.628e-15
972.182 1.59881e-15
972.325 1.56962e-15
972.468 1.54041e-15
972.611 1.5112e-15
972.754 1.48198e-15
972.897 1.45275e-15
973.04 1.42352e-15
973.183 1.39427e-15
973.326 1.36502e-15
973.469 1.33575e-15
973.612 1.30648e-15
973.755 1.2772e-15
973.898 1.24791e-15
974.041 1.21861e-15
974.184 1.18931e-15
974.327 1.15999e-15
974.47 1.13067e-15
974.613 1.10134e-15
974.756 1.072e-15
974.899 1.04265e-15
975.042 1.01329e-15
975.185 9.83921e-16
975.328 9.54546e-16
975.471 9.25161e-16
975.614 8.95769e-16
975.757 8.66367e-16
975.9 8.36957e-16
976.043 8.07538e-16
976.186 7.7811e-16
976.329 7.48674e-16
976.472 7.19229e-16
976.615 6.89776e-16
976.758 6.60313e-16
976.901 6.30843e-16
977.044 6.01363e-16
977.187 5.71875e-16
977.33 5.42378e-16
977.473 5.12873e-16
977.616 4.83359e-16
977.759 4.53836e-16
977.902 4.24304e-16
978.045 3.94764e-16
978.188 3.65215e-16
978.331 3.35658e-16
978.474 3.06092e-16
978.617 2.76517e-16
978.76 2.46934e-16
978.903 2.17342e-16
979.046 1.87741e-16
979.189 1.58132e-16
979.332 1.28514e-16
979.475 9.88872e-17
979.618 6.92519e-17
979.761 3.96079e-17
979.904 9.95527e-18
980.047 1.23044e-30
980.19 1.20872e-30
980.333 1.187e-30
980.476 1.16527e-30
980.619 1.14353e-30
980.762 1.12179e-30
980.905 1.10004e-30
981.048 1.07829e-30
981.191 1.05653e-30
981.334 1.03476e-30
981.477 1.01299e-30
981.62 9.91205e-31
981.763 9.69419e-31
981.906 9.47625e-31
982.049 9.25826e-31
982.192 9.0402e-31
982.335 8.82208e-31
982.478 8.60389e-31
982.621 8.38564e-31
982.764 8.16732e-31
982.907 7.94894e-31
983.05 7.7305e-31
983.193 7.512e-31
983.336 7.29342e-31
983.479 7.07479e-31
983.622 6.85609e-31
983.765 6.63733e-31
983.908 6.4185e-31
984.051 6.19961e-31
984.194 5.98066e-31
984.337 5.76164e-31
984.48 5.54256e-31
984.623 5.32342e-31
984.766 5.10421e-31
984.909 4.88493e-31
985.052 4.6656e-31
985.195 4.4462e-31
985.338 4.22673e-31
985.481 4.0072e-31
985.624 3.78761e-31
985.767 3.56795e-31
985.91 3.34823e-31
986.053 3.12845e-31
986.196 2.9086e-31
986.339 2.68869e-31
986.482 2.46871e-31
986.625 2.24867e-31
986.768 2.02857e-31
986.911 1.8084e-31
987.054 1.58817e-31
987.197 1.36787e-31
987.34 1.14752e-31
987.483 9.27092e-32
987.626 7.06605e-32
987.769 4.86054e-32
987.912 2.6544e-32
988.055 4.47608e-33
988.198 1.30889e-36
988.341 2.95118e-36
988.484 4.59394e-36
988.627 6.23718e-36
988.77 7.88089e-36
988.913 9.52507e-36
989.056 1.11697e-35
989.199 1.28149e-35
989.342 1.44605e-35
989.485 1.61066e-35
989.628 1.77531e-35
989.771 1.94002e-35
989.914 2.10477e-35
990.057 2.26957e-35
990.2 2.43441e-35
990.343 2.59931e-35
990.486 2.76425e-35
990.629 2.92924e-35
990.772 3.09427e-35
990.915 3.25936e-35
991.058 3.42449e-35
991.201 3.58967e-35
991.344 3.75489e-35
991.487 3.92017e-35
991.63 4.08549e-35
991.773 4.25086e-35
991.916 4.41627e-35
992.059 4.58174e-35
992.202 4.74725e-35
992.345 4.91281e-35
992.488 5.07842e-35
992.631 5.24407e-35
992.774 5.40977e-35
992.917 5.57552e-35
993.06 5.74132e-35
993.203 5.90716e-35
993.346 6.07305e-35
993.489 6.23899e-35
993.632 6.40498e-35
993.775 6.57101e-35
993.918 6.73709e-35
994.061 6.90322e-35
994.204 7.0694e-35
994.347 7.23562e-35
994.49 7.4019e-35
994.633 7.56822e-35
994.776 7.73458e-35
994.919 7.901e-35
995.062 8.06746e-35
995.205 8.23397e-35
995.348 8.40052e-35
995.491 8.56713e-35
995.634 8.73378e-35
995.777 8.90048e-35
995.92 9.06723e-35
996.063 9.23402e-35
996.206 9.40086e-35
996.349 5.76186e-16
996.492 1.19587e-15
996.635 1.81572e-15
996.778 2.43576e-15
996.921 3.05597e-15
997.064 3.67636e-15
997.207 4.29693e-15
997.35 4.91768e-15
997.493 5.5386e-15
997.636 6.1597e-15
997.779 6.78098e-15
997.922 7.40244e-15
998.065 8.02408e-15
998.208 8.64589e-15
998.351 9.26788e-15
998.494 9.89005e-15
998.637 1.05124e-14
998.78 1.11349e-14
998.923 1.17576e-14
999.066 1.23805e-14
999.209 1.30036e-14
999.352 1.36268e-14
999.495 1.42502e-14
999.638 1.48738e-14
999.781 1.54976e-14
999.924 1.61215e-14
1000.07 1.67456e-14
1000.21 1.737e-14
1000.35 1.79944e-14
1000.5 1.86191e-14
1000.64 1.92439e-14
1000.78 1.98689e-14
1000.92 2.04941e-14
1001.07 2.11195e-14
1001.21 2.17451e-14
1001.35 2.23708e-14
1001.5 2.29967e-14
1001.64 2.36228e-14
1001.78 2.4249e-14
1001.93 2.48755e-14
1002.07 2.55021e-14
1002.21 2.61289e-14
1002.36 2.67558e-14
1002.5 2.7383e-14
1002.64 2.80103e-14
1002.78 2.86378e-14
1002.93 2.92655e-14
1003.07 2.98934e-14
1003.21 3.05214e-14
1003.36 3.11496e-14
1003.5 3.1778e-14
1003.64 3.24066e-14
1003.78 3.30353e-14
1003.93 3.36643e-14
1004.07 3.42934e-14
1004.21 3.49226e-14
1004.36 1.37875e-13
1004.5 2.22912e-12
1004.64 4.32097e-12
1004.79 6.41341e-12
1004.93 8.50644e-12
1005.07 1.06001e-11
1005.21 1.26943e-11
1005.36 1.47891e-11
1005.5 1.68845e-11
1005.64 1.89805e-11
1005.79 2.10771e-11
1005.93 2.31744e-11
1006.07 2.52721e-11
1006.22 2.73705e-11
1006.36 2.94695e-11
1006.5 3.15691e-11
1006.64 3.36693e-11
1006.79 3.57701e-11
1006.93 3.78714e-11
1007.07 3.99734e-11
1007.22 4.2076e-11
1007.36 4.41791e-11
1007.5 4.62829e-11
1007.65 4.83872e-11
1007.79 5.04922e-11
1007.93 5.25977e-11
1008.08 5.47038e-11
1008.22 5.68106e-11
1008.36 5.89179e-11
1008.5 6.10258e-11
1008.65 6.31343e-11
1008.79 6.52434e-11
1008.93 6.73531e-11
1009.08 6.94634e-11
1009.22 7.15743e-11
1009.36 7.36858e-11
1009.5 7.57979e-11
1009.65 7.79106e-11
1009.79 8.00239e-11
1009.93 8.21378e-11
1010.08 8.42522e-11
1010.22 8.63673e-11
1010.36 8.84829e-11
1010.51 9.05992e-11
1010.65 9.27161e-11
1010.79 9.48335e-11
1010.93 9.69515e-11
1011.08 9.90702e-11
1011.22 1.01189e-10
1011.36 1.03309e-10
1011.51 1.0543e-10
1011.65 1.07551e-10
1011.79 1.09672e-10
1011.94 1.11795e-10
1012.08 1.13917e-10
1012.22 1.16041e-10
1012.37 1.18165e-10
1012.51 1.25846e-10
1012.65 1.56354e-10
1012.79 1.8687e-10
1012.94 2.17395e-10
1013.08 2.47929e-10
1013.22 2.78471e-10
1013.37 3.09022e-10
1013.51 3.39581e-10
1013.65 3.70149e-10
1013.79 4.00726e-10
1013.94 4.31311e-10
1014.08 4.61905e-10
1014.22 4.92508e-10
1014.37 5.23119e-10
1014.51 5.53739e-10
1014.65 5.84367e-10
1014.8 6.15004e-10
1014.94 6.4565e-10
1015.08 6.76304e-10
1015.23 7.06967e-10
1015.37 7.37638e-10
1015.51 7.68318e-10
1015.65 7.99007e-10
1015.8 8.29704e-10
1015.94 8.6041e-10
1016.08 8.91124e-10
1016.23 9.21847e-10
1016.37 9.52579e-10
1016.51 9.83319e-10
1016.65 1.01407e-09
1016.8 1.04483e-09
1016.94 1.07559e-09
1017.08 1.10637e-09
1017.23 1.13715e-09
1017.37 1.16794e-09
1017.51 1.19874e-09
1017.66 1.22955e-09
1017.8 1.26037e-09
1017.94 1.2912e-09
1018.09 1.32203e-09
1018.23 1.35287e-09
1018.37 1.38373e-09
1018.51 1.41459e-09
1018.66 1.44546e-09
1018.8 1.47634e-09
1018.94 1.50722e-09
1019.09 1.53812e-09
1019.23 1.56902e-09
1019.37 1.59993e-09
1019.51 1.63086e-09
1019.66 1.66178e-09
1019.8 1.69272e-09
1019.94 1.72367e-09
1020.09 1.75463e-09
1020.23 1.78559e-09
1020.37 1.81656e-09
1020.52 1.84754e-09
1020.66 1.89636e-09
1020.8 1.97938e-09
1020.94 2.06243e-09
1021.09 2.1455e-09
1021.23 2.2286e-09
1021.37 2.31171e-09
1021.52 2.39485e-09
1021.66 2.47802e-09
1021.8 2.56121e-09
1021.95 2.64442e-09
1022.09 2.72765e-09
1022.23 2.81091e-09
1022.38 2.89419e-09
1022.52 2.97749e-09
1022.66 3.06082e-09
1022.8 3.14417e-09
1022.95 3.22754e-09
1023.09 3.31093e-09
1023.23 3.39435e-09
1023.38 3.4778e-09
1023.52 3.56126e-09
1023.66 3.64475e-09
1023.8 3.72826e-09
1023.95 3.8118e-09
1024.09 3.89535e-09
1024.23 3.97894e-09
1024.38 4.06254e-09
1024.52 4.14617e-09
1024.66 4.22982e-09
1024.81 4.31349e-09
1024.95 4.39719e-09
1025.09 4.48091e-09
1025.23 4.56465e-09
1025.38 4.64842e-09
1025.52 4.73221e-09
1025.66 4.81602e-09
1025.81 4.89986e-09
1025.95 4.98372e-09
1026.09 5.0676e-09
1026.24 5.15151e-09
1026.38 5.23544e-09
1026.52 5.31939e-09
1026.66 5.40337e-09
1026.81 5.48736e-09
1026.95 5.57139e-09
1027.09 5.65543e-09
1027.24 5.7395e-09
1027.38 5.82359e-09
1027.52 5.90771e-09
1027.67 5.99184e-09
1027.81 6.076e-09
1027.95 6.16019e-09
1028.1 6.2444e-09
1028.24 6.32863e-09
1028.38 6.41288e-09
1028.52 6.49716e-09
1028.67 6.58146e-09
1028.81 6.68339e-09
1028.95 6.80971e-09
1029.1 6.93607e-09
1029.24 7.06247e-09
1029.38 7.18889e-09
1029.53 7.31536e-09
1029.67 7.44186e-09
1029.81 7.56839e-09
1029.95 7.69496e-09
1030.1 7.82156e-09
1030.24 7.9482e-09
1030.38 8.07487e-09
1030.53 8.20158e-09
1030.67 8.32832e-09
1030.81 8.4551e-09
1030.95 8.58191e-09
1031.1 8.70875e-09
1031.24 8.83564e-09
1031.38 8.96255e-09
1031.53 9.0895e-09
1031.67 9.21649e-09
1031.81 9.34351e-09
1031.96 9.47057e-09
1032.1 9.59766e-09
1032.24 9.72478e-09
1032.38 9.85194e-09
1032.53 9.97914e-09
1032.67 1.01064e-08
1032.81 1.02336e-08
1032.96 1.03609e-08
1033.1 1.04883e-08
1033.24 1.06156e-08
1033.39 1.0743e-08
1033.53 1.08705e-08
1033.67 1.0998e-08
1033.82 1.11255e-08
1033.96 1.1253e-08
1034.1 1.13806e-08
1034.24 1.15082e-08
1034.39 1.16358e-08
1034.53 1.17635e-08
1034.67 1.18912e-08
1034.82 1.2019e-08
1034.96 1.21468e-08
1035.1 1.22746e-08
1035.24 1.24025e-08
1035.39 1.25304e-08
1035.53 1.26583e-08
1035.67 1.27862e-08
1035.82 1.29142e-08
1035.96 1.30423e-08
1036.1 1.31703e-08
1036.25 1.32984e-08
1036.39 1.34266e-08
1036.53 1.35548e-08
1036.67 1.3683e-08
1036.82 1.38112e-08
1036.96 1.39369e-08
1037.1 1.40607e-08
1037.25 1.41845e-08
1037.39 1.43084e-08
1037.53 1.44323e-08
1037.68 1.45562e-08
1037.82 1.46801e-08
1037.96 1.48041e-08
1038.11 1.49282e-08
1038.25 1.50522e-08
1038.39 1.51763e-08
1038.53 1.53004e-08
1038.68 1.54246e-08
1038.82 1.55488e-08
1038.96 1.5673e-08
1039.11 1.57973e-08
1039.25 1.59215e-08
1039.39 1.60459e-08
1039.53 1.61702e-08
1039.68 1.62946e-08
1039.82 1.6419e-08
1039.96 1.65435e-08
1040.11 1.6668e-08
1040.25 1.67925e-08
1040.39 1.69171e-08
1040.54 1.70417e-08
1040.68 1.71663e-08
1040.82 1.7291e-08
1040.96 1.74157e-08
1041.11 1.75404e-08
1041.25 1.76651e-08
1041.39 1.77899e-08
1041.54 1.79148e-08
1041.68 1.80396e-08
1041.82 1.81645e-08
1041.97 1.82895e-08
1042.11 1.84144e-08
1042.25 1.85394e-08
1042.39 1.86645e-08
1042.54 1.87895e-08
1042.68 1.89146e-08
1042.82 1.90397e-08
1042.97 1.91649e-08
1043.11 1.92901e-08
1043.25 1.94153e-08
1043.4 1.95406e-08
1043.54 1.96659e-08
1043.68 1.97912e-08
1043.83 1.99166e-08
1043.97 2.0042e-08
1044.11 2.01674e-08
1044.25 2.02929e-08
1044.4 2.04184e-08
1044.54 2.05439e-08
1044.68 2.06695e-08
1044.83 2.07951e-08
1044.97 2.09207e-08
1045.11 2.09972e-08
1045.25 2.10539e-08
1045.4 2.11107e-08
1045.54 2.11674e-08
1045.68 2.12242e-08
1045.83 2.1281e-08
1045.97 2.13378e-08
1046.11 2.13946e-08
1046.26 2.14514e-08
1046.4 2.15082e-08
1046.54 2.15651e-08
1046.68 2.16219e-08
1046.83 2.16788e-08
1046.97 2.17357e-08
1047.11 2.17926e-08
1047.26 2.18496e-08
1047.4 2.19065e-08
1047.54 2.19634e-08
1047.69 2.20204e-08
1047.83 2.20774e-08
1047.97 2.21344e-08
1048.12 2.21914e-08
1048.26 2.22484e-08
1048.4 2.23055e-08
1048.54 2.23625e-08
1048.69 2.24196e-08
1048.83 2.24767e-08
1048.97 2.25338e-08
1049.12 2.25909e-08
1049.26 2.2648e-08
1049.4 2.27052e-08
1049.55 2.27624e-08
1049.69 2.28195e-08
1049.83 2.28767e-08
1049.97 2.29339e-08
1050.12 2.29911e-08
1050.26 2.30484e-08
1050.4 2.31056e-08
1050.55 2.31629e-08
1050.69 2.32202e-08
1050.83 2.32775e-08
1050.97 2.33348e-08
1051.12 2.33921e-08
1051.26 2.34494e-08
1051.4 2.35068e-08
1051.55 2.35641e-08
1051.69 2.36215e-08
1051.83 2.36789e-08
1051.98 2.37363e-08
1052.12 2.37938e-08
1052.26 2.38512e-08
1052.4 2.39087e-08
1052.55 2.39661e-08
1052.69 2.40236e-08
1052.83 2.40811e-08
1052.98 2.41386e-08
1053.12 2.41962e-08
1053.26 2.42818e-08
1053.41 2.43721e-08
1053.55 2.44624e-08
1053.69 2.45527e-08
1053.84 2.4643e-08
1053.98 2.47334e-08
1054.12 2.48238e-08
1054.26 2.49142e-08
1054.41 2.50046e-08
1054.55 2.5095e-08
1054.69 2.51855e-08
1054.84 2.5276e-08
1054.98 2.53665e-08
1055.12 2.54571e-08
1055.26 2.55477e-08
1055.41 2.56383e-08
1055.55 2.57289e-08
1055.69 2.58195e-08
1055.84 2.59102e-08
1055.98 2.60009e-08
1056.12 2.60916e-08
1056.27 2.61823e-08
1056.41 2.62731e-08
1056.55 2.63639e-08
1056.69 2.64547e-08
1056.84 2.65455e-08
1056.98 2.66364e-08
1057.12 2.67272e-08
1057.27 2.68181e-08
1057.41 2.69091e-08
1057.55 2.7e-08
1057.7 2.7091e-08
1057.84 2.7182e-08
1057.98 2.7273e-08
1058.12 2.7364e-08
1058.27 2.74551e-08
1058.41 2.75462e-08
1058.55 2.76373e-08
1058.7 2.77284e-08
1058.84 2.78196e-08
1058.98 2.79108e-08
1059.13 2.8002e-08
1059.27 2.80932e-08
1059.41 2.81845e-08
1059.55 2.82758e-08
1059.7 2.83671e-08
1059.84 2.84584e-08
1059.98 2.85497e-08
1060.13 2.86411e-08
1060.27 2.87325e-08
1060.41 2.88239e-08
1060.56 2.89154e-08
1060.7 2.90068e-08
1060.84 2.90983e-08
1060.98 2.91898e-08
1061.13 2.92814e-08
1061.27 2.93729e-08
1061.41 2.95001e-08
1061.56 2.96298e-08
1061.7 2.97594e-08
1061.84 2.98891e-08
1061.99 3.00188e-08
1062.13 3.01486e-08
1062.27 3.02784e-08
1062.41 3.04082e-08
1062.56 3.05381e-08
1062.7 3.0668e-08
1062.84 3.07979e-08
1062.99 3.09278e-08
1063.13 3.10578e-08
1063.27 3.11879e-08
1063.42 3.13179e-08
1063.56 3.1448e-08
1063.7 3.15781e-08
1063.85 3.17083e-08
1063.99 3.18385e-08
1064.13 3.19687e-08
1064.27 3.2099e-08
1064.42 3.22293e-08
1064.56 3.23596e-08
1064.7 3.249e-08
1064.85 3.26204e-08
1064.99 3.27508e-08
1065.13 3.28813e-08
1065.28 3.30118e-08
1065.42 3.31423e-08
1065.56 3.32729e-08
1065.7 3.34035e-08
1065.85 3.35341e-08
1065.99 3.36648e-08
1066.13 3.37955e-08
1066.28 3.39263e-08
1066.42 3.4057e-08
1066.56 3.41878e-08
1066.7 3.43187e-08
1066.85 3.44495e-08
1066.99 3.45805e-08
1067.13 3.47114e-08
1067.28 3.48424e-08
1067.42 3.49734e-08
1067.56 3.51044e-08
1067.71 3.52355e-08
1067.85 3.53666e-08
1067.99 3.54978e-08
1068.13 3.56289e-08
1068.28 3.57601e-08
1068.42 3.58914e-08
1068.56 3.60227e-08
1068.71 3.6154e-08
1068.85 3.62853e-08
1068.99 3.64167e-08
1069.14 3.65481e-08
1069.28 3.66796e-08
1069.42 3.68028e-08
1069.57 3.68364e-08
1069.71 3.68699e-08
1069.85 3.69035e-08
1069.99 3.6937e-08
1070.14 3.69706e-08
1070.28 3.70042e-08
1070.42 3.70377e-08
1070.57 3.70713e-08
1070.71 3.71049e-08
1070.85 3.71385e-08
1070.99 3.71721e-08
1071.14 3.72058e-08
1071.28 3.72394e-08
1071.42 3.7273e-08
1071.57 3.73067e-08
1071.71 3.73403e-08
1071.85 3.7374e-08
1072 3.74076e-08
1072.14 3.74413e-08
1072.28 3.7475e-08
1072.42 3.75087e-08
1072.57 3.75424e-08
1072.71 3.75761e-08
1072.85 3.76098e-08
1073 3.76435e-08
1073.14 3.76772e-08
1073.28 3.77109e-08
1073.43 3.77447e-08
1073.57 3.77784e-08
1073.71 3.78122e-08
1073.86 3.7846e-08
1074 3.78797e-08
1074.14 3.79135e-08
1074.28 3.79473e-08
1074.43 3.79811e-08
1074.57 3.80149e-08
1074.71 3.80487e-08
1074.86 3.80825e-08
1075 3.81163e-08
1075.14 3.81502e-08
1075.28 3.8184e-08
1075.43 3.82179e-08
1075.57 3.82517e-08
1075.71 3.82856e-08
1075.86 3.83194e-08
1076 3.83533e-08
1076.14 3.83872e-08
1076.29 3.84211e-08
1076.43 3.8455e-08
1076.57 3.84889e-08
1076.71 3.85228e-08
1076.86 3.85568e-08
1077 3.85907e-08
1077.14 3.86246e-08
1077.29 3.86586e-08
1077.43 3.86925e-08
1077.57 3.87234e-08
1077.72 3.87442e-08
1077.86 3.8765e-08
1078 3.87858e-08
1078.14 3.88065e-08
1078.29 3.88273e-08
1078.43 3.88481e-08
1078.57 3.88689e-08
1078.72 3.88897e-08
1078.86 3.89105e-08
